500 5000
447 40 75
5 453 15
223 24 61
162 476 28
130 83 7
153 82 95
481 61 60
98 426 82
341 78 40
482 290 35
135 314 74
267 389 37
202 460 23
404 27 47
245 296 48
404 362 99
291 429 64
162 183 93
29 141 65
366 489 70
457 268 98
91 455 32
392 167 17
435 385 42
102 164 70
319 495 62
483 225 59
98 203 17
299 329 56
230 366 59
102 288 78
152 216 31
207 455 4
95 120 7
392 112 22
157 137 38
168 171 57
371 317 75
426 43 52
414 461 97
215 249 68
380 47 53
360 182 46
468 495 27
373 354 4
32 261 80
490 428 55
255 164 28
267 261 47
86 9 58
262 417 60
421 80 53
57 409 61
225 56 95
40 471 93
494 419 95
471 218 6
199 309 13
204 269 34
201 16 22
360 257 46
431 260 10
420 54 89
74 494 1
78 124 99
387 52 86
375 289 97
427 215 45
250 476 46
451 155 13
442 326 10
291 249 65
403 97 63
210 157 1
321 337 49
464 423 78
218 192 75
169 461 94
93 248 20
384 346 76
403 442 41
250 199 80
410 142 63
448 28 70
366 220 24
333 53 87
172 137 61
12 84 10
46 13 84
175 188 42
201 400 6
292 85 10
270 475 53
462 62 90
418 230 37
181 172 83
103 420 3
142 127 61
341 410 8
435 31 55
148 298 30
274 293 55
340 373 91
118 246 67
65 342 46
393 410 2
167 290 94
399 290 11
54 489 94
199 319 43
433 316 82
179 210 19
460 475 35
420 147 37
230 485 73
40 277 77
367 189 46
4 126 54
336 183 40
285 469 97
71 207 57
97 152 94
363 58 34
335 481 7
136 127 31
134 258 75
424 271 1
232 291 27
75 473 27
269 465 60
77 321 58
238 35 55
168 362 75
370 271 17
478 108 81
425 471 69
239 46 57
314 487 26
127 27 34
395 309 58
369 274 38
285 91 10
19 8 12
322 326 64
411 452 9
216 259 90
434 143 31
339 303 10
462 173 44
113 416 82
413 487 77
27 500 61
318 288 90
390 497 85
269 55 28
450 232 94
19 355 14
333 176 43
92 394 17
48 23 15
70 175 95
439 16 49
459 439 6
404 81 58
178 232 92
131 17 49
279 431 13
472 100 43
361 39 88
244 462 6
432 249 39
373 193 38
467 77 71
170 445 59
266 203 91
248 152 85
32 198 62
315 468 87
500 389 29
103 387 39
101 462 87
107 459 89
113 297 10
178 238 6
48 101 9
85 496 35
457 209 66
400 257 100
169 89 8
46 438 38
484 417 14
394 435 97
180 316 11
143 364 18
248 314 55
75 61 87
351 401 48
199 69 91
211 312 57
300 230 21
459 144 26
289 318 27
243 220 46
408 221 63
318 70 1
265 359 87
109 105 48
216 255 63
21 131 40
411 346 91
327 414 52
16 393 2
432 4 43
140 455 4
427 360 67
310 452 3
409 471 68
5 300 66
196 32 40
408 73 5
126 18 1
249 330 88
96 306 16
245 189 77
71 104 51
302 145 53
25 116 32
102 427 56
84 345 4
38 156 24
343 307 38
497 161 3
336 193 21
285 444 76
81 374 59
164 381 14
72 110 67
262 130 51
460 159 54
464 206 82
142 390 1
122 129 10
500 477 28
371 153 38
247 80 26
342 267 41
234 429 100
249 478 31
426 125 91
340 118 83
197 451 27
414 340 91
322 362 38
174 476 19
259 395 53
63 411 61
325 74 99
313 92 27
407 2 35
238 272 4
496 138 89
119 201 17
4 187 63
96 497 70
50 107 91
264 390 77
227 82 45
225 218 79
20 269 51
16 268 87
337 366 20
247 16 97
342 9 15
31 442 66
326 379 56
147 168 39
246 428 63
231 352 25
310 67 5
230 188 98
263 31 20
267 452 44
356 87 2
176 138 20
219 120 43
500 386 59
133 37 24
348 42 45
201 336 60
156 256 65
312 394 15
159 19 80
457 82 71
486 74 4
259 301 23
159 161 15
414 396 85
23 254 19
288 127 54
346 354 40
94 116 39
450 1 39
127 89 52
229 109 49
38 439 5
229 104 55
93 99 95
375 442 45
175 439 17
349 357 65
189 208 86
359 229 25
161 325 52
60 119 80
210 57 51
226 218 40
408 425 17
398 353 41
73 7 70
470 94 61
340 363 8
435 477 82
121 135 78
406 266 92
343 331 50
396 96 96
229 456 43
24 292 53
247 15 61
292 372 29
446 40 49
12 419 4
418 333 89
309 308 28
348 426 3
403 64 50
250 117 24
223 109 35
486 381 91
133 36 86
285 134 75
423 75 62
314 212 26
71 228 28
301 475 85
82 480 81
424 402 34
156 369 25
76 451 52
294 162 2
33 402 61
313 459 46
115 124 48
387 206 85
4 108 70
319 173 50
172 468 85
337 273 39
337 318 98
317 389 6
111 185 69
486 280 49
359 416 92
492 378 65
47 20 32
42 94 51
58 15 91
231 366 58
485 415 3
40 263 90
163 499 91
134 115 5
9 274 16
332 50 70
365 359 80
11 2 41
171 426 27
195 324 67
114 182 9
397 81 77
132 310 44
324 235 98
3 159 88
37 475 13
141 125 5
89 300 25
360 370 37
370 348 53
240 239 29
107 160 57
130 226 83
407 156 40
159 66 13
391 315 40
357 386 54
282 424 25
135 228 49
295 495 40
402 137 33
55 136 77
261 155 91
114 151 59
489 338 44
37 307 33
32 133 81
349 341 18
47 218 42
166 131 46
143 434 20
11 319 23
204 77 44
486 239 23
273 291 66
434 298 65
64 181 10
150 494 70
29 56 9
483 18 21
147 297 49
221 109 69
377 152 92
1 210 69
274 467 1
166 406 98
3 481 44
195 86 39
38 49 87
141 201 39
81 267 57
107 62 45
68 198 95
345 272 47
342 474 70
281 174 95
215 318 44
408 151 95
336 285 27
334 307 69
170 247 81
224 390 49
229 243 86
498 392 40
119 463 80
152 471 82
441 114 10
28 439 48
130 456 70
189 40 73
358 53 1
117 322 65
373 106 52
8 409 23
217 73 16
78 13 80
498 60 52
335 297 25
171 465 49
385 330 31
451 8 15
362 14 42
432 412 33
137 346 38
80 184 5
439 327 80
492 480 51
296 249 4
468 48 14
257 479 70
142 202 10
315 152 79
347 371 3
320 429 37
236 249 88
325 332 77
320 368 74
453 324 51
446 20 29
90 266 99
231 28 59
70 163 44
373 375 29
344 104 32
416 293 12
73 124 45
160 18 88
228 304 95
331 499 60
31 155 38
464 64 91
181 391 12
252 193 52
481 69 16
10 394 82
63 498 53
125 377 66
294 233 31
63 12 36
304 456 41
254 415 76
424 410 45
401 142 41
417 37 85
128 222 37
206 115 13
124 113 91
345 343 3
242 435 60
253 5 70
95 342 4
427 137 23
242 392 71
339 418 24
478 181 75
171 290 63
471 131 71
265 133 48
291 465 87
447 377 37
202 331 42
190 230 60
278 69 20
338 99 28
151 343 39
23 19 8
432 439 55
465 499 83
185 130 73
2 494 80
306 56 58
234 112 46
34 121 50
445 200 74
356 249 5
340 337 79
32 426 54
5 59 66
237 25 70
98 53 39
80 391 50
343 267 29
350 119 47
30 137 79
153 440 25
6 488 91
377 39 97
272 490 31
394 237 97
396 168 11
419 499 42
134 179 1
35 108 61
183 177 17
128 248 64
8 210 96
13 284 86
476 482 53
357 155 43
450 372 15
28 222 59
157 108 79
443 480 78
335 291 27
398 19 55
96 497 68
121 491 48
438 164 94
218 15 67
147 240 63
121 394 10
11 176 82
233 166 48
127 374 89
34 61 100
394 321 64
87 464 5
100 307 51
262 481 55
236 281 98
447 500 30
495 362 45
310 225 21
287 74 81
81 318 7
440 90 12
205 230 15
137 414 55
351 480 3
417 83 86
261 119 58
152 23 71
256 101 32
39 323 95
475 185 26
172 326 63
147 183 5
75 212 68
363 76 28
370 349 11
485 472 37
218 137 23
214 7 26
217 136 46
383 198 90
167 449 67
274 254 40
128 365 20
435 233 83
356 121 20
192 202 87
10 238 8
30 357 76
413 150 91
60 390 37
188 206 4
193 399 43
466 86 28
200 189 28
321 57 37
91 57 99
371 322 65
427 376 84
238 52 23
439 158 96
302 348 81
461 283 63
95 348 20
311 257 33
366 65 18
228 6 31
249 68 17
191 102 90
204 463 96
100 377 65
73 29 88
391 309 7
109 418 96
428 425 53
74 25 64
295 498 25
481 9 29
114 23 35
284 125 80
16 168 76
176 276 6
144 369 3
499 320 15
473 470 67
388 493 97
113 189 65
332 282 91
310 8 34
220 377 83
94 49 96
248 35 67
55 397 50
207 407 43
342 90 83
467 204 67
219 294 74
90 177 66
379 204 72
64 221 69
482 237 99
171 175 9
365 452 20
169 265 23
13 133 34
68 114 62
278 84 16
439 323 11
355 107 1
81 434 23
239 180 62
482 438 48
391 473 53
391 379 15
209 159 4
207 384 67
117 286 61
367 328 11
173 357 21
174 426 19
486 231 99
313 288 23
115 470 90
89 381 76
411 321 79
327 246 8
369 422 83
351 144 8
306 186 97
325 345 19
482 458 48
47 194 30
83 435 66
124 487 74
113 349 70
200 471 43
150 260 25
335 56 88
85 300 57
169 76 80
467 30 61
188 462 2
386 354 89
345 308 62
176 352 36
38 378 67
144 286 9
323 457 55
321 105 43
118 306 64
92 430 64
447 165 48
445 172 34
487 40 59
421 361 94
288 80 94
436 109 91
128 314 63
38 72 9
38 211 18
64 303 52
103 250 60
495 239 13
227 138 66
404 393 3
5 302 11
97 46 63
466 101 88
279 269 70
215 110 75
191 282 87
434 64 23
266 286 38
63 237 21
394 346 49
471 90 35
167 161 89
483 264 19
398 205 71
145 64 87
195 105 46
85 171 3
454 25 21
275 410 96
84 348 75
232 182 78
10 302 12
451 274 31
462 151 8
456 323 60
47 168 53
330 227 7
145 397 91
214 20 31
213 337 23
65 222 56
144 496 52
436 225 66
126 155 62
302 357 31
388 260 47
422 416 11
496 360 31
422 431 93
69 89 40
157 188 79
87 365 98
239 84 26
274 424 71
370 131 66
493 94 79
28 82 18
285 396 43
108 75 45
39 327 48
70 434 16
403 295 92
350 53 27
303 246 9
414 170 47
202 438 100
356 325 70
475 422 19
268 13 56
496 247 50
402 485 62
376 63 27
388 409 37
219 95 1
91 27 99
133 370 70
208 103 2
462 97 41
117 104 59
203 220 17
238 128 66
126 249 48
91 368 70
77 420 19
463 448 25
70 371 96
236 248 74
385 104 94
145 282 75
227 347 92
8 480 51
66 133 18
71 447 10
365 180 4
464 243 46
205 421 63
307 68 95
181 223 91
60 221 97
179 482 83
102 400 92
264 327 12
390 469 22
165 243 36
420 256 82
205 194 81
232 58 70
415 327 13
384 90 28
120 253 53
187 160 78
308 47 26
2 378 85
258 135 74
324 456 77
68 198 73
102 18 58
96 427 30
318 498 97
99 443 6
429 20 48
327 305 90
165 435 98
252 193 25
57 127 40
421 201 73
398 283 20
281 499 83
67 219 59
67 293 36
117 382 90
348 239 6
218 112 8
331 334 45
478 170 6
248 149 71
311 431 51
59 62 3
353 87 84
496 144 88
343 332 90
221 32 46
78 103 28
131 55 96
420 84 15
346 140 10
25 116 76
277 430 20
201 366 68
356 180 5
359 314 89
398 408 81
301 260 50
293 202 41
145 185 32
107 210 30
393 493 66
231 173 63
255 202 53
315 98 2
125 301 38
350 464 28
430 328 17
98 289 56
478 267 32
349 70 93
176 40 11
491 278 6
499 90 35
371 337 79
21 209 14
11 195 32
119 432 33
345 160 83
450 418 70
464 328 69
43 198 71
55 110 62
86 304 72
470 481 92
172 330 34
477 473 61
328 238 2
348 459 4
48 308 69
28 435 92
491 458 86
379 282 89
304 417 83
93 289 10
140 127 15
248 417 41
475 110 90
304 1 4
270 162 32
474 5 22
192 127 30
114 381 100
160 96 72
100 404 49
101 68 23
426 347 76
95 63 96
425 261 61
474 274 79
443 248 27
420 120 60
111 53 54
47 392 92
184 100 82
291 192 81
155 319 8
311 130 97
124 43 25
93 294 59
129 309 9
38 270 21
297 203 2
262 46 34
368 141 57
221 143 39
244 435 49
181 106 30
330 172 67
424 395 96
32 26 39
308 256 38
385 471 18
434 283 14
379 192 45
189 432 7
59 246 8
479 389 96
463 305 48
353 58 12
226 274 85
476 1 71
73 128 34
57 250 96
482 463 82
284 37 7
164 331 74
407 437 52
220 19 90
356 54 68
174 53 31
139 390 62
151 110 10
136 220 25
169 425 13
79 134 84
257 244 16
9 442 26
93 159 100
37 143 31
308 189 17
468 395 15
445 30 16
82 127 20
451 113 62
150 293 68
377 480 40
356 294 44
194 360 9
36 490 92
243 237 99
198 97 89
480 131 52
430 251 34
252 376 77
345 380 17
5 17 72
119 64 31
175 465 35
162 491 60
447 349 86
450 264 72
158 304 47
260 52 28
41 417 89
80 440 36
51 20 15
284 226 91
270 354 15
341 55 15
440 499 35
283 177 47
277 168 73
142 372 84
460 87 5
285 255 79
226 48 54
80 289 46
255 366 33
14 387 12
489 268 57
456 123 76
224 313 77
156 254 27
266 40 59
389 423 41
390 464 75
490 280 63
272 353 29
187 219 6
341 474 66
79 402 89
351 355 11
350 15 64
158 319 42
359 195 32
345 173 44
484 53 86
295 20 23
80 342 27
359 184 39
128 34 83
244 498 30
388 54 4
49 17 4
341 258 30
51 107 71
186 431 6
52 248 36
86 61 59
407 267 80
484 111 17
346 325 99
188 224 57
450 320 50
84 194 7
205 29 83
69 374 80
235 12 38
181 349 4
229 54 33
480 411 25
415 250 38
339 231 71
109 490 11
37 404 70
196 296 67
228 244 17
180 327 58
494 331 14
408 418 62
309 302 4
469 345 91
499 220 15
409 307 96
358 370 20
15 18 98
34 374 13
463 55 54
328 442 16
239 369 71
230 29 84
54 28 86
39 362 87
121 423 57
371 271 11
237 299 93
117 296 4
392 252 76
329 312 37
163 268 25
474 79 100
87 183 22
155 490 13
1 381 7
84 491 58
146 431 100
490 313 63
242 453 22
100 440 24
486 474 9
272 494 61
445 371 26
440 220 79
332 71 83
269 344 60
337 77 78
138 96 73
441 440 97
187 364 2
29 58 1
168 497 100
442 100 1
441 371 83
404 470 63
136 260 31
123 83 52
21 20 89
462 496 87
132 175 11
449 72 73
186 280 64
159 17 74
125 239 86
43 483 55
11 257 22
395 74 90
264 39 22
76 29 16
158 139 7
298 267 71
260 216 88
167 173 83
249 16 33
280 61 46
334 325 97
5 170 93
141 137 79
113 174 62
235 76 4
50 76 38
182 460 42
295 86 22
312 391 35
353 124 14
115 469 35
270 51 7
37 474 95
179 314 96
403 250 62
60 417 14
255 333 97
381 383 4
377 442 19
88 468 71
164 421 75
333 448 62
168 190 95
378 279 8
369 413 18
398 405 35
437 346 100
177 96 68
142 403 67
169 67 83
169 226 78
32 271 46
253 18 23
448 198 16
4 366 70
425 180 37
312 225 38
269 56 41
479 377 76
401 482 29
390 456 22
229 476 84
437 369 88
238 362 65
166 6 100
32 201 70
358 119 75
298 332 49
181 467 89
238 372 72
108 99 5
497 133 80
448 328 85
298 385 36
189 248 67
90 410 97
286 296 74
97 485 69
386 158 12
170 484 28
347 217 92
57 81 84
466 4 18
116 493 87
13 319 98
93 416 17
417 192 51
391 462 74
356 90 95
261 309 25
32 388 53
269 75 81
126 94 34
363 217 15
166 126 52
479 298 23
148 219 2
481 277 87
262 192 91
40 352 4
135 451 33
278 406 15
94 425 32
358 471 80
422 404 8
141 500 25
192 368 99
86 143 14
413 186 44
493 37 1
180 412 25
465 423 58
180 340 95
244 126 59
409 456 52
129 28 6
461 279 91
42 370 93
452 387 29
241 254 42
120 372 96
264 109 78
109 337 18
384 431 100
495 147 19
55 247 67
166 10 91
311 470 5
370 58 91
336 72 79
327 334 97
61 27 33
26 330 52
69 340 36
390 29 37
284 30 56
5 55 13
152 324 68
2 487 50
410 162 73
53 332 13
466 250 78
28 404 97
429 46 52
256 171 77
188 11 95
195 491 3
84 122 15
340 25 19
307 132 67
498 107 51
160 368 50
117 216 67
273 459 11
86 96 13
340 124 44
104 115 38
267 79 3
220 165 57
346 247 79
98 494 14
379 191 38
475 160 23
112 212 81
463 302 58
24 378 26
248 112 9
22 202 17
327 466 35
283 265 46
87 397 68
82 274 15
484 331 85
330 187 7
58 327 45
229 290 92
153 373 67
138 168 79
295 473 87
49 123 64
442 499 75
124 449 49
6 177 7
361 425 73
92 390 60
47 183 67
226 461 39
275 361 10
90 261 20
325 420 68
335 251 8
29 175 90
105 171 84
488 277 33
325 307 87
322 437 8
49 403 9
94 421 45
308 106 12
389 296 71
12 79 82
403 413 31
333 372 44
420 252 59
108 202 88
247 305 3
353 26 72
169 417 47
288 75 26
60 437 69
413 188 2
492 171 55
96 499 7
203 122 83
271 123 69
77 450 19
186 302 8
251 102 95
499 63 30
129 69 78
423 93 61
268 281 3
406 385 58
372 197 3
350 414 64
301 241 9
466 117 88
12 4 9
215 381 28
135 128 34
474 239 58
39 7 27
66 152 61
379 24 63
249 442 28
218 175 51
404 221 100
462 1 85
160 367 7
460 206 71
3 291 66
146 432 71
191 146 86
101 10 93
489 124 78
245 376 41
179 330 89
286 302 6
402 31 52
136 219 41
15 394 5
78 55 45
96 310 69
273 307 44
48 203 5
323 129 9
250 320 42
335 158 91
331 47 12
94 184 62
323 160 94
103 415 50
228 332 62
64 137 46
179 265 44
153 181 83
459 30 16
397 140 17
155 332 28
263 133 25
211 434 24
112 443 85
332 339 83
406 15 72
247 28 76
119 338 68
108 229 19
46 177 87
192 92 79
243 238 63
361 39 43
248 384 98
11 38 42
277 13 41
110 50 90
266 178 67
117 60 30
67 423 2
431 159 10
493 33 98
483 409 37
313 132 21
311 161 60
295 449 17
486 207 34
436 358 84
228 217 15
442 189 41
285 247 4
106 7 21
449 372 59
241 129 60
426 230 2
196 161 59
357 220 86
424 320 41
140 176 50
220 308 13
431 239 70
431 204 69
246 303 33
36 153 8
156 85 13
37 299 8
26 50 36
346 11 52
86 463 31
3 97 50
498 94 18
42 176 71
223 242 38
16 480 92
390 319 90
140 342 10
202 440 49
68 409 78
437 103 52
1 305 57
57 1 6
136 361 100
425 486 2
487 115 21
384 105 59
77 183 72
310 385 6
212 17 36
335 480 7
392 145 30
280 386 64
90 275 49
484 143 6
452 498 44
47 38 27
455 436 54
295 94 16
479 264 58
323 445 31
46 71 62
382 148 89
83 124 6
43 389 10
489 266 92
225 168 46
131 341 31
43 146 32
251 150 42
212 332 31
302 356 100
439 400 51
305 243 17
144 480 91
384 283 94
269 238 43
417 391 17
272 170 81
211 205 5
287 198 51
11 254 33
18 245 16
121 475 21
354 255 54
317 481 19
174 186 33
423 203 57
217 150 22
139 16 86
377 272 67
47 382 10
76 205 86
231 422 95
97 191 44
173 46 38
234 436 72
100 460 31
199 225 55
371 296 37
423 219 52
126 360 50
383 103 47
27 485 80
411 394 76
380 370 68
163 375 31
302 200 48
10 141 12
229 197 31
161 412 34
38 165 26
385 170 65
204 465 16
6 354 61
134 337 100
55 122 5
480 474 61
260 486 12
331 430 26
379 260 54
11 388 40
121 306 78
453 241 3
96 152 22
462 38 92
117 347 69
81 184 57
367 209 79
177 47 1
389 391 31
44 70 47
291 466 98
403 365 11
350 195 29
101 145 36
240 42 100
45 153 82
193 459 90
264 404 7
245 267 78
373 412 31
382 489 56
66 499 26
110 80 63
50 498 52
300 371 54
360 277 73
401 282 47
303 358 2
279 299 79
196 142 73
98 99 25
458 19 54
130 35 36
488 287 82
474 373 6
274 221 63
444 53 21
448 392 3
288 164 63
497 279 69
177 447 28
38 107 9
45 140 52
474 380 30
204 284 93
376 388 74
305 260 19
343 455 45
323 346 66
16 370 97
411 351 19
26 456 80
450 433 98
153 307 69
263 483 39
442 425 48
469 336 96
18 74 22
72 118 42
380 375 10
84 208 1
396 390 27
274 350 57
331 474 80
94 47 4
330 333 100
490 55 3
199 203 78
155 188 33
32 99 95
317 64 89
492 410 91
355 433 55
85 79 54
84 136 40
46 99 41
153 416 44
169 170 82
139 315 82
40 366 87
384 378 34
141 391 19
357 288 52
479 160 84
31 205 66
311 480 69
124 201 90
87 5 15
101 330 65
300 150 21
496 322 3
13 249 69
293 315 73
201 89 54
430 460 77
71 294 15
109 185 51
284 296 21
357 93 91
128 94 69
294 155 26
304 431 57
240 99 78
140 479 47
348 88 48
219 98 17
255 242 79
178 17 60
261 199 18
120 46 13
86 181 48
306 106 27
130 175 38
331 281 73
243 251 30
166 443 2
192 251 5
315 489 57
30 168 33
43 10 69
336 485 77
347 25 64
130 351 25
29 229 39
306 25 94
429 159 31
257 65 3
201 277 53
53 143 89
349 296 60
415 487 66
112 93 65
208 399 24
65 110 30
306 196 98
396 319 85
193 414 85
390 56 26
461 463 93
354 328 27
364 232 64
85 214 2
43 135 94
353 297 83
27 330 42
259 37 80
296 26 37
145 454 61
397 94 61
394 105 64
419 296 3
364 40 91
236 106 42
105 283 17
35 87 67
416 459 45
485 190 22
374 315 29
88 473 94
401 338 11
385 304 35
197 207 31
205 277 83
154 40 97
89 303 6
453 401 42
172 355 20
163 371 63
273 206 29
95 474 18
267 77 5
108 35 33
83 385 31
207 355 50
291 400 31
292 57 79
45 214 94
201 271 8
158 392 39
126 174 61
147 77 47
110 297 11
485 454 18
333 291 4
239 300 78
394 345 83
421 33 88
62 214 60
148 288 4
104 331 81
475 278 65
314 140 38
293 222 60
325 448 80
106 372 71
111 60 73
447 207 11
343 279 82
359 458 72
351 86 39
245 476 46
161 283 86
136 95 61
223 107 29
220 235 92
120 147 42
206 390 35
438 217 61
69 263 96
422 433 16
121 149 3
479 341 44
362 437 58
475 189 53
358 241 32
262 3 54
171 179 45
314 248 27
265 313 30
99 197 83
325 28 86
467 172 63
7 217 50
118 279 97
140 300 50
4 336 23
321 194 28
276 420 37
46 67 21
37 68 65
419 369 63
186 409 35
187 378 48
287 286 56
178 459 85
321 63 49
81 51 42
227 247 46
52 12 99
357 230 1
479 224 69
236 489 88
46 284 85
180 124 57
434 4 9
397 174 42
457 203 100
419 332 42
389 283 3
213 138 33
102 71 11
317 146 27
24 401 82
424 301 88
492 171 52
455 91 66
418 168 56
49 339 70
190 66 21
253 140 57
443 124 55
172 37 78
367 434 19
316 242 81
445 382 90
15 318 96
94 44 100
59 274 37
324 208 74
263 92 21
85 485 16
201 434 14
498 117 91
103 437 23
481 2 30
237 448 52
25 207 48
441 270 7
63 345 88
404 32 94
276 150 14
124 146 60
231 23 85
327 387 40
390 188 25
228 367 53
380 223 85
138 139 35
141 96 85
51 334 100
17 85 78
347 258 26
35 199 98
486 472 22
228 173 45
322 30 12
226 207 71
189 480 42
357 378 77
95 410 85
420 312 1
361 148 67
365 492 19
315 50 94
149 122 59
362 498 42
48 279 8
256 270 94
56 62 61
140 480 67
18 405 57
145 480 72
334 423 98
25 402 85
61 73 78
349 238 54
149 228 85
414 386 46
8 155 86
452 236 73
155 11 30
37 364 53
55 126 28
74 109 69
250 466 63
219 120 52
433 287 8
136 131 37
491 86 65
33 430 2
355 261 37
52 74 47
329 3 38
244 477 49
203 102 68
372 185 61
351 55 28
36 191 51
199 417 85
111 41 88
364 463 39
311 40 91
406 479 16
137 251 20
237 371 88
289 156 26
316 420 49
196 303 12
166 9 97
480 44 77
223 405 25
412 109 40
238 467 89
256 227 17
105 455 64
56 165 64
1 169 34
345 488 34
473 287 40
405 129 50
63 56 83
283 402 72
130 194 99
371 3 41
171 334 78
102 11 81
486 251 35
409 279 83
435 70 58
201 357 53
302 323 46
456 234 47
18 350 68
222 92 20
104 84 18
24 104 88
395 336 47
182 126 65
327 459 17
416 18 54
403 349 4
448 495 53
256 64 19
106 298 39
436 324 48
493 376 100
12 59 8
243 281 73
455 114 10
476 44 36
140 278 17
493 26 39
486 108 49
117 131 35
494 71 83
186 62 90
56 364 66
482 386 81
58 207 26
350 338 47
374 172 45
135 234 85
78 65 48
468 218 89
16 138 21
362 454 11
93 1 14
438 261 24
243 25 88
211 119 56
301 110 62
437 179 48
12 221 37
21 176 93
105 314 79
260 34 54
174 195 31
281 76 52
246 446 31
460 367 27
135 368 89
484 345 18
457 250 6
120 178 14
481 144 29
76 212 35
264 137 44
146 6 53
199 487 65
332 219 87
453 462 59
181 194 13
285 360 83
88 350 49
93 129 29
8 439 96
405 187 47
37 351 50
329 457 28
352 206 5
9 466 51
449 196 70
258 424 43
376 26 94
313 258 99
125 90 95
379 89 90
382 291 33
242 28 97
429 398 44
182 152 85
444 251 19
182 204 49
301 156 94
421 39 52
267 380 7
172 23 67
27 437 89
480 37 1
416 238 23
311 399 15
395 492 23
364 28 18
418 285 36
233 238 91
259 275 31
134 266 91
472 232 83
75 312 55
421 480 63
249 85 65
96 63 66
167 46 17
422 20 53
75 222 89
37 440 77
104 185 9
336 443 26
350 408 95
97 414 40
88 22 35
340 59 8
181 93 95
83 274 22
350 206 11
336 189 13
283 470 47
168 365 24
374 8 34
244 174 39
244 74 23
394 448 75
315 128 44
441 256 27
61 391 68
264 395 89
357 272 8
185 482 88
416 102 56
436 71 79
274 277 67
318 226 90
272 382 81
479 307 34
377 51 2
370 373 9
455 131 14
226 122 25
79 99 25
44 123 26
330 259 13
289 407 74
153 31 73
276 327 72
260 305 15
220 270 100
349 319 71
369 66 43
423 228 8
141 391 39
79 179 19
143 316 89
255 156 31
282 259 24
278 48 31
265 439 3
122 179 49
213 194 48
227 53 48
166 106 72
50 305 95
82 239 58
28 261 30
89 174 31
153 276 10
493 433 15
461 228 22
11 348 40
32 124 24
213 170 34
495 137 67
22 109 95
315 131 14
332 73 21
370 422 63
39 179 27
152 409 9
334 201 57
170 188 29
202 225 1
69 230 55
3 234 76
261 361 54
123 14 39
350 6 78
440 151 43
122 341 62
83 91 56
448 373 47
104 322 64
377 143 7
373 127 100
325 59 60
289 219 19
120 123 100
500 2 1
387 377 48
500 149 4
115 193 33
4 41 5
264 122 98
44 350 83
207 352 72
147 106 85
30 225 80
150 338 75
52 197 52
416 391 83
351 422 78
484 429 18
207 429 28
190 296 16
129 407 23
196 454 48
295 120 20
493 471 59
500 285 6
216 428 41
450 328 83
361 101 82
280 391 69
39 137 13
363 190 21
465 477 70
276 4 15
10 458 3
322 251 43
315 300 1
419 152 18
350 339 57
108 118 87
80 348 63
158 106 40
243 352 24
346 72 52
378 470 20
358 193 9
110 464 73
287 107 7
338 18 41
28 145 13
448 325 6
360 50 13
220 118 3
486 127 1
282 298 51
103 50 70
251 423 29
416 442 77
409 451 62
469 5 41
59 422 23
275 223 62
173 69 77
359 481 60
178 416 11
229 433 97
278 36 4
216 88 64
497 32 79
247 262 49
408 335 5
325 327 26
423 12 71
300 124 41
52 74 29
441 450 91
358 214 95
180 249 4
140 144 61
94 324 26
433 234 6
417 365 23
463 40 61
444 330 85
200 158 38
209 169 23
384 408 7
84 3 27
43 213 45
236 313 67
170 64 76
406 310 30
165 385 44
132 404 35
349 8 5
95 331 77
208 45 58
379 368 75
189 13 22
407 404 57
19 370 74
413 426 77
102 7 67
16 195 86
454 285 62
326 149 95
306 198 22
266 227 63
225 416 93
265 496 25
4 353 17
269 267 47
347 147 79
252 359 20
387 38 68
143 144 38
333 386 63
122 281 97
310 497 22
427 475 40
277 30 62
238 292 5
60 455 43
461 30 50
21 2 73
44 6 54
392 67 40
131 169 46
373 408 81
3 184 23
270 138 53
345 151 56
14 340 63
406 46 96
108 37 73
449 288 58
80 284 100
56 211 31
300 113 57
344 430 42
446 125 87
153 439 91
82 141 68
328 319 27
38 440 87
44 156 65
96 65 98
385 219 21
224 274 25
13 119 53
467 41 8
117 184 61
15 72 51
158 10 13
345 194 84
294 297 81
165 355 22
15 19 41
316 13 82
498 120 75
117 487 81
174 474 45
286 496 69
465 396 43
369 186 37
434 137 18
291 365 12
184 91 59
138 440 75
264 14 78
126 412 37
463 36 67
106 147 30
144 357 53
116 422 94
386 300 80
369 210 78
240 482 34
33 103 85
19 174 11
454 48 91
141 81 54
428 89 19
34 306 15
445 100 97
120 83 43
294 298 11
300 303 29
63 330 9
432 79 98
399 316 33
219 391 21
142 374 11
353 403 89
81 480 80
145 197 71
123 103 77
151 287 73
360 281 85
87 55 63
418 436 77
406 146 20
136 350 15
495 5 25
377 159 31
32 408 51
310 368 71
320 99 49
218 479 80
125 336 47
404 173 71
488 460 64
430 156 96
150 491 26
229 200 16
119 210 92
478 14 60
498 277 85
166 374 99
82 110 69
405 477 20
49 234 88
331 72 87
476 155 70
474 200 28
88 290 52
41 407 5
201 20 81
14 494 18
369 173 27
384 183 15
357 146 29
448 208 19
10 179 56
225 449 51
352 240 38
271 71 45
86 484 44
300 410 17
164 387 56
319 225 19
314 262 5
234 206 44
349 293 21
443 329 13
271 21 1
159 127 48
132 457 54
466 398 24
42 15 93
451 258 50
474 129 86
315 59 68
67 89 21
443 376 82
129 381 61
416 22 6
173 431 32
65 395 55
228 14 3
349 304 52
178 97 55
70 263 48
122 204 61
412 103 69
114 370 10
474 487 48
276 96 18
234 354 69
333 308 43
476 437 29
480 38 60
101 426 23
210 362 10
52 68 35
68 425 1
25 180 53
325 436 100
83 357 83
239 290 5
137 459 81
478 232 13
128 419 34
185 374 90
242 177 28
432 471 53
69 170 92
24 497 62
400 475 92
271 154 53
188 418 10
51 155 76
42 117 17
148 78 48
418 393 33
424 97 35
234 393 45
267 472 98
422 387 23
411 42 93
63 324 62
69 500 57
136 81 60
139 70 8
143 316 15
14 175 36
66 250 79
163 448 49
165 149 49
477 400 17
94 294 4
86 108 14
291 96 100
358 95 64
408 306 39
269 351 29
446 258 58
256 402 52
242 194 49
24 456 38
278 33 96
274 92 30
332 231 45
181 299 50
123 213 20
335 211 94
91 71 70
281 416 90
225 448 21
27 162 7
56 350 89
245 490 71
129 224 21
31 408 4
354 143 22
60 218 86
3 107 70
54 311 67
249 352 13
396 487 41
488 329 82
59 79 7
223 262 79
144 401 63
423 325 24
318 327 9
275 280 45
157 469 4
360 111 39
354 319 39
309 220 18
342 10 59
118 396 16
120 298 50
284 158 69
176 173 83
250 267 81
29 106 53
295 475 1
152 116 50
274 154 69
235 51 35
247 364 27
457 81 9
245 284 74
363 276 5
247 109 95
400 201 5
303 82 15
111 141 93
273 498 59
240 493 21
461 445 6
113 488 46
379 383 88
383 362 61
88 146 100
8 147 48
148 467 86
323 451 39
131 270 17
202 360 62
422 163 93
39 390 68
264 341 11
78 395 82
39 429 10
437 441 72
66 16 32
245 143 22
457 339 71
251 173 90
254 495 7
41 166 38
490 42 25
389 314 33
156 103 71
186 487 68
132 471 40
403 89 60
257 189 86
493 425 31
274 93 5
458 36 5
290 495 10
95 424 27
19 476 33
430 96 18
237 355 3
154 103 14
206 393 11
216 364 75
464 413 72
117 369 17
476 257 82
128 410 33
192 214 8
380 171 16
43 327 20
282 186 50
53 174 67
454 392 82
321 424 17
342 422 90
289 45 3
12 396 35
193 128 28
246 352 33
25 439 28
167 91 67
135 111 75
138 279 48
104 128 81
203 15 34
9 283 79
372 109 2
487 248 98
56 102 13
192 28 26
91 434 73
13 390 75
269 1 36
493 367 41
496 417 79
144 461 62
225 314 97
200 351 36
282 130 86
285 259 72
377 26 83
240 249 23
352 398 93
242 303 89
265 73 39
274 207 45
105 194 44
423 145 19
256 123 99
431 271 78
433 205 30
167 403 61
254 147 39
426 260 26
451 109 12
417 487 38
35 184 88
455 17 67
271 342 98
228 289 8
83 152 87
248 307 23
405 464 58
476 179 41
15 51 68
377 188 78
436 396 16
363 332 8
348 407 89
62 40 34
38 382 38
155 161 39
189 480 86
492 411 99
334 428 88
495 59 86
398 204 92
165 335 69
228 123 57
335 363 25
353 242 50
252 359 68
405 280 3
258 453 19
45 133 1
89 436 16
221 210 56
485 198 7
244 96 48
15 406 13
57 434 24
213 30 24
115 342 7
165 364 96
223 238 52
38 478 57
371 139 4
434 322 37
350 452 84
138 216 56
445 150 69
210 417 58
163 314 47
340 387 96
419 68 26
421 296 59
174 485 72
132 83 34
78 159 76
32 366 75
452 201 80
214 466 15
475 18 59
419 458 58
392 43 65
435 491 44
116 493 18
429 485 27
107 463 84
307 436 20
296 331 64
493 383 60
124 357 80
377 275 89
322 24 34
7 39 37
269 479 79
16 124 22
208 398 94
16 454 94
144 136 23
233 441 88
27 226 7
433 242 10
430 76 62
30 142 65
345 304 92
294 143 96
62 107 92
489 22 60
254 269 15
75 332 43
268 133 24
27 413 54
43 224 2
155 160 93
427 470 6
459 314 53
400 166 12
59 483 46
139 227 11
72 480 33
215 297 44
5 279 100
30 162 68
417 12 93
86 414 82
43 53 38
112 405 88
130 396 74
271 256 85
291 81 14
10 132 16
19 227 58
158 488 17
135 289 20
84 60 29
335 352 64
422 356 15
315 396 60
172 39 13
230 147 53
12 477 95
6 257 52
161 79 41
162 373 34
234 304 15
347 335 85
142 231 53
288 470 74
413 35 93
394 468 40
487 396 32
160 313 82
435 459 78
433 154 23
441 63 56
338 70 31
180 17 46
240 341 22
18 59 20
100 465 69
415 453 24
256 132 33
452 279 46
410 140 87
334 84 50
184 344 69
457 72 65
271 116 80
287 362 43
201 29 65
278 348 83
221 441 59
282 450 30
472 389 79
383 225 65
494 33 33
243 410 84
347 76 12
347 117 70
454 258 92
140 202 45
180 365 28
12 157 71
68 94 82
406 463 49
277 264 93
404 193 32
314 143 28
210 86 99
68 1 88
196 431 40
47 402 20
138 166 16
264 283 78
293 68 30
293 248 80
394 176 89
310 126 69
367 189 10
57 374 39
181 396 4
31 112 65
43 347 3
166 34 49
203 74 64
336 301 92
372 269 3
435 210 32
124 183 37
234 224 15
154 270 51
455 64 14
398 255 28
174 145 94
208 287 76
63 82 2
425 229 84
7 311 100
158 183 54
144 215 82
292 185 25
500 412 18
15 192 61
419 16 82
479 377 35
404 314 11
451 468 68
133 379 5
164 417 86
23 443 69
209 192 65
162 294 2
487 449 59
7 467 12
335 301 32
196 67 77
250 231 56
14 464 50
285 79 86
232 172 33
484 308 70
23 244 23
302 93 72
379 126 97
459 239 74
62 233 91
288 21 36
341 251 84
98 335 36
56 67 54
474 75 21
92 325 53
489 210 8
147 72 83
199 188 49
271 168 89
22 126 41
259 30 22
128 306 80
470 134 49
473 21 24
423 444 39
440 237 71
274 198 11
447 213 86
466 262 30
280 174 33
208 217 15
39 161 39
305 389 56
158 54 95
117 473 65
431 437 68
303 63 53
128 235 64
62 107 91
61 264 35
212 453 20
137 414 37
457 155 61
52 344 70
191 411 9
370 146 97
13 18 8
323 156 36
348 122 53
221 443 22
327 202 31
500 126 30
351 491 6
144 263 34
37 39 58
98 485 4
19 273 85
13 214 15
236 31 84
130 38 7
133 134 76
260 167 35
462 142 40
132 340 44
214 291 47
251 172 29
359 345 82
233 278 31
403 155 20
230 303 97
341 423 39
9 444 14
235 171 95
242 362 48
68 183 92
360 428 70
500 51 82
207 262 72
162 445 17
351 367 80
320 171 14
399 482 46
304 142 31
136 46 47
383 426 85
474 276 85
72 334 54
25 471 4
438 49 76
38 459 88
14 85 41
366 263 92
312 112 55
439 106 29
70 384 90
457 381 12
397 214 4
372 223 28
109 309 90
47 240 19
244 453 1
249 452 1
206 436 56
194 38 47
205 322 42
21 152 25
172 17 92
305 416 84
400 415 67
500 231 40
485 83 47
358 138 56
375 128 62
84 37 83
295 206 68
227 380 80
9 346 65
493 474 33
301 245 58
319 253 88
352 318 77
264 406 45
488 24 55
150 278 21
398 36 34
75 61 63
380 393 42
19 452 40
429 383 56
267 312 47
38 79 48
347 445 92
107 102 12
323 432 33
278 96 85
211 192 93
207 422 20
434 143 50
436 320 30
223 93 63
16 224 30
410 351 33
176 364 47
348 400 79
243 34 7
232 198 95
401 81 65
482 398 12
295 131 31
340 232 18
338 22 76
220 157 61
70 299 86
59 370 81
57 154 6
130 388 40
423 285 46
108 357 17
128 266 61
139 186 13
166 261 54
255 224 6
63 453 23
45 226 1
53 374 25
314 237 26
307 313 62
114 64 48
160 141 73
16 243 65
398 140 29
264 205 66
265 247 92
90 46 67
125 118 17
363 452 34
140 90 24
364 351 62
193 213 49
415 368 64
29 469 96
434 447 66
324 216 54
42 100 58
325 278 97
345 239 50
351 212 70
10 449 26
172 402 90
42 174 83
209 219 74
395 147 18
488 469 70
5 411 74
405 290 100
155 370 63
498 107 59
497 136 88
49 219 35
215 290 15
140 251 45
78 479 53
281 333 51
313 251 87
388 55 44
86 185 52
26 140 53
246 278 36
358 64 68
114 77 55
131 390 35
399 226 33
27 143 95
410 239 5
124 241 38
13 496 44
293 281 65
16 90 83
126 244 49
226 270 49
30 139 61
401 359 58
449 58 52
104 286 20
356 256 28
87 403 14
110 500 57
85 417 93
23 164 18
185 448 70
313 413 75
36 26 50
26 489 25
107 179 97
117 224 39
122 60 2
439 407 36
487 112 90
454 307 4
450 417 13
166 384 90
339 133 63
85 224 1
473 379 19
321 360 71
445 242 41
223 403 9
178 242 88
142 154 19
282 164 47
349 223 1
484 79 6
279 135 6
426 385 93
223 442 86
385 448 99
443 364 74
38 484 57
261 265 23
323 74 63
348 401 41
354 54 68
407 299 29
290 211 30
253 396 98
322 11 61
19 404 87
238 476 11
251 475 93
486 390 17
353 231 74
41 69 54
364 400 48
273 434 22
404 91 59
488 61 75
77 142 24
429 146 38
136 390 4
23 61 66
123 317 76
119 265 89
8 74 45
266 171 44
254 496 89
305 225 26
263 92 91
363 474 51
167 129 45
476 402 26
352 490 81
28 113 20
119 397 73
380 226 37
53 238 50
8 457 69
415 97 11
477 91 91
379 381 95
293 423 14
159 197 8
431 347 19
238 124 62
493 399 63
206 159 4
46 191 80
284 89 7
71 381 11
13 266 22
348 217 14
407 289 63
142 401 12
498 481 44
208 363 99
418 216 94
116 182 71
459 154 83
500 49 31
482 353 35
256 478 24
186 499 4
320 404 45
102 202 11
245 317 43
171 308 80
289 41 74
461 6 99
380 148 26
83 22 14
152 92 77
42 389 71
207 481 17
53 347 44
177 382 72
477 481 73
419 436 7
366 450 51
478 72 6
393 74 22
92 76 45
299 367 39
195 95 16
458 354 9
432 251 80
274 471 5
153 358 37
203 322 93
407 78 86
262 219 45
299 348 100
125 160 31
434 68 53
259 172 25
356 116 37
9 40 70
366 52 97
330 265 27
98 400 87
181 240 81
106 395 29
370 135 57
117 129 68
26 84 75
241 271 3
350 396 74
314 389 30
97 209 1
256 454 30
421 382 33
255 41 76
34 399 65
196 116 85
77 82 27
365 382 85
303 499 63
61 165 78
428 309 33
49 350 100
268 222 80
228 475 36
484 223 37
474 467 18
117 151 46
136 57 55
136 123 62
113 421 3
499 115 21
473 430 18
500 436 78
178 27 27
208 396 60
491 36 60
45 341 9
295 376 24
41 413 81
55 420 40
197 406 63
88 192 44
389 312 47
18 217 82
443 164 19
400 432 20
391 187 81
95 109 61
127 167 77
38 168 4
304 428 90
77 204 37
72 130 15
181 397 42
231 134 60
14 216 50
302 465 94
363 133 55
73 48 91
19 59 19
88 248 97
321 90 49
314 63 10
30 486 51
468 97 26
434 137 34
96 13 29
460 490 5
155 353 74
297 223 35
192 79 72
121 186 12
342 301 16
38 333 59
143 410 94
161 15 47
437 462 59
397 486 82
159 407 1
15 297 28
431 268 63
83 476 31
72 39 77
211 71 70
182 316 17
373 436 54
155 313 12
284 193 61
428 464 53
364 438 17
465 108 14
84 278 41
166 434 72
287 184 55
173 195 68
85 1 12
286 474 99
345 175 54
197 71 90
196 254 62
319 376 6
244 50 92
6 308 65
49 295 96
122 406 63
38 213 37
209 481 91
442 153 70
312 311 97
188 125 71
160 146 74
424 455 14
47 271 20
208 290 8
249 117 45
212 412 14
126 436 74
14 353 5
412 113 52
177 261 44
85 262 59
500 351 20
388 118 28
75 19 5
97 321 39
133 96 16
238 408 37
207 170 37
181 292 40
213 485 98
439 159 13
220 86 49
33 253 77
25 44 84
324 405 70
320 489 25
385 108 78
215 363 21
226 274 31
492 85 71
490 70 60
182 338 91
107 460 37
265 138 68
45 258 91
16 341 19
437 58 3
396 353 52
78 55 47
417 173 96
400 91 58
30 170 48
398 68 66
400 3 18
45 163 18
406 222 8
82 414 65
287 267 87
439 163 47
136 88 17
1 2 19
277 204 1
348 182 72
396 363 16
490 111 55
400 72 17
496 131 62
261 176 58
319 295 74
381 358 52
281 153 4
43 416 99
226 349 25
235 245 30
27 376 68
41 62 54
419 178 76
196 339 74
420 229 14
57 267 44
198 315 64
419 300 46
112 476 89
123 440 82
96 101 28
326 135 56
311 377 28
167 211 90
199 211 99
232 395 63
311 466 45
300 16 76
493 500 55
22 24 35
481 71 68
276 150 73
117 47 91
180 323 73
170 386 29
482 158 81
172 85 19
322 403 64
70 479 11
143 98 3
84 417 55
263 64 29
459 348 35
178 460 66
233 348 14
114 82 12
375 491 43
23 206 40
32 382 10
493 361 42
11 444 21
215 403 75
182 58 54
298 215 57
315 138 54
265 427 46
111 322 37
39 41 59
214 74 56
280 307 68
402 263 19
276 193 60
62 480 88
67 85 86
294 474 72
22 106 29
66 39 82
183 132 80
16 416 58
174 175 95
335 308 77
363 176 90
116 36 68
88 391 46
171 229 30
91 498 81
318 170 28
491 341 26
171 481 84
315 491 13
361 472 57
423 32 21
103 94 77
248 181 40
99 445 53
88 39 80
33 465 43
73 466 7
259 267 51
370 282 90
341 484 49
269 329 87
382 257 79
291 232 98
276 418 10
260 405 8
137 40 86
45 108 64
11 442 12
373 372 24
374 454 76
257 247 28
430 182 19
330 382 59
53 482 3
455 499 67
413 252 91
37 72 48
282 61 75
29 12 25
159 388 10
6 118 10
97 327 56
22 419 41
52 293 54
74 141 48
488 51 30
410 460 8
36 395 14
213 228 25
414 225 90
180 25 58
427 32 98
217 85 82
51 59 78
387 378 6
205 430 87
313 273 60
225 218 66
95 415 42
275 495 51
69 294 60
169 126 7
458 171 65
201 395 46
158 322 94
458 235 40
66 413 93
139 123 63
221 34 13
342 160 52
75 245 67
466 69 52
431 300 67
464 461 66
90 223 4
323 359 12
155 456 85
466 408 59
306 234 10
80 310 13
113 342 11
364 121 93
287 249 93
194 103 55
331 138 99
191 76 38
106 28 78
256 11 18
150 234 71
424 177 40
4 399 47
253 102 83
455 187 71
56 171 49
127 462 16
132 219 40
349 260 37
382 354 9
185 95 74
117 330 48
371 259 79
7 461 60
320 163 65
54 244 90
443 158 61
356 409 28
177 32 13
45 406 40
203 39 81
488 283 12
347 290 76
377 36 1
275 214 96
39 209 35
480 339 17
443 81 88
269 119 78
37 305 55
298 229 29
312 224 69
224 324 17
489 320 24
1 394 70
66 128 58
420 185 55
74 261 24
269 9 40
132 479 71
119 364 59
500 23 97
46 178 17
146 321 4
425 34 20
461 459 40
450 211 98
452 332 99
475 310 5
350 164 69
358 343 42
264 238 48
214 440 12
207 253 2
54 418 89
260 221 66
46 286 58
132 64 19
343 46 69
38 279 27
177 45 78
249 293 40
484 259 84
308 459 67
271 273 93
392 194 39
42 444 91
394 13 8
439 493 58
224 220 59
194 178 63
329 121 90
292 396 1
328 111 29
80 243 25
180 281 91
298 213 52
311 485 46
4 153 4
218 263 7
432 397 14
400 13 7
423 440 55
237 485 19
161 157 4
153 293 23
61 208 66
72 259 59
39 194 21
163 162 38
145 136 74
255 394 42
185 482 56
160 421 59
338 484 4
350 101 21
379 458 44
316 89 17
30 227 49
216 239 73
36 37 67
239 139 36
2 213 42
345 374 45
81 2 25
236 79 82
192 17 66
117 105 20
243 191 13
358 79 88
349 45 78
311 382 67
485 141 89
31 113 79
41 341 78
12 411 66
324 346 87
250 188 82
10 105 85
292 39 46
85 34 58
126 267 61
494 122 61
159 407 57
329 469 91
145 229 77
371 152 56
143 410 87
418 432 7
291 37 94
72 290 51
438 418 93
58 230 96
330 112 84
396 313 87
4 362 48
24 317 66
493 413 86
158 128 18
157 53 16
67 467 42
324 260 56
384 391 14
47 147 91
290 398 12
264 47 12
409 4 89
287 437 13
151 149 49
67 188 17
315 172 12
27 458 8
361 180 92
420 28 88
74 234 83
223 254 2
413 158 90
51 138 51
71 398 57
474 120 98
400 253 26
325 136 70
340 192 97
262 47 29
241 421 16
18 488 19
495 22 10
64 48 46
28 259 87
27 264 44
183 131 43
15 122 20
113 53 30
358 356 8
393 312 10
22 468 27
372 437 13
110 25 39
35 65 2
412 453 9
105 483 39
436 31 89
272 263 90
494 236 32
150 188 18
227 37 38
455 363 74
127 456 11
456 384 71
196 43 26
189 18 28
160 168 52
486 413 90
442 475 76
482 232 55
337 380 34
161 445 97
88 446 98
97 392 10
179 429 26
63 441 47
131 71 100
354 213 47
311 57 75
250 340 99
333 181 88
412 145 11
440 339 10
454 256 11
102 496 7
462 186 24
233 88 50
218 490 34
185 339 70
267 111 84
447 438 80
56 75 7
57 143 18
436 451 77
342 73 28
116 484 14
272 180 82
473 358 33
249 238 10
341 493 93
405 279 70
278 330 25
75 110 34
402 149 62
326 389 90
31 253 19
142 480 27
430 347 42
224 370 73
208 167 38
259 95 86
29 122 58
200 439 96
214 199 23
335 486 9
434 318 89
21 425 41
357 466 57
52 168 13
85 256 41
363 323 59
124 94 35
167 130 81
473 279 69
237 412 70
295 100 52
324 218 51
343 340 98
446 206 69
455 293 72
350 48 25
442 493 70
414 186 42
255 116 44
225 29 29
430 335 52
389 188 58
306 120 36
351 142 84
226 431 37
381 204 47
328 37 45
373 331 93
169 413 84
318 18 62
277 241 47
228 84 95
65 195 43
148 316 93
89 228 23
236 490 12
360 146 62
229 428 63
35 393 98
300 273 37
57 465 70
95 473 71
367 411 4
297 373 85
458 408 7
161 108 13
438 114 74
214 461 54
88 310 7
304 104 69
224 13 83
264 184 90
296 275 64
111 166 34
33 473 13
14 122 100
124 154 24
405 406 10
380 283 99
79 174 22
424 476 72
361 210 85
365 200 71
171 155 96
189 368 73
54 377 66
260 283 74
417 139 49
484 217 50
291 487 62
31 72 47
112 32 64
272 54 35
166 81 35
288 63 68
398 447 3
488 39 68
82 71 74
302 322 53
266 239 26
342 133 30
77 137 85
474 119 32
433 207 68
208 94 7
299 12 54
279 48 22
490 323 26
29 146 60
263 232 66
475 430 3
96 443 27
384 342 37
225 78 32
187 374 62
402 303 95
74 375 63
398 392 97
372 303 54
207 258 15
79 44 92
84 242 82
325 454 69
388 123 79
446 183 81
471 140 93
2 271 39
142 137 21
117 76 55
164 165 88
65 101 63
55 58 98
297 366 66
212 23 90
157 445 43
231 191 45
211 433 17
401 41 20
101 199 59
324 39 13
125 188 75
415 297 22
307 377 85
480 304 21
481 257 98
397 399 23
396 218 31
258 472 33
48 271 97
13 481 98
63 16 42
386 314 26
411 451 61
396 399 1
24 202 33
117 287 13
89 11 60
175 42 82
275 415 57
111 251 53
286 500 44
72 373 39
352 276 89
233 168 60
17 216 37
390 296 13
406 372 66
225 272 49
218 456 82
86 95 32
17 101 98
179 231 32
335 114 50
469 460 45
173 113 73
126 192 25
322 146 36
279 448 32
443 453 91
263 351 73
149 278 46
432 147 28
402 284 57
175 160 18
56 105 78
91 202 98
411 153 37
173 309 83
200 301 72
487 409 72
486 264 99
228 306 46
295 460 34
475 359 17
72 394 20
21 87 7
164 28 42
140 194 5
189 230 85
333 453 72
154 29 82
430 128 91
377 429 42
254 147 14
451 261 23
282 378 78
356 87 29
260 301 47
193 128 56
203 211 48
142 282 25
224 256 11
409 17 34
152 148 53
500 94 61
403 294 79
251 324 33
197 398 13
290 309 84
168 176 7
363 249 58
346 215 99
486 444 82
80 156 92
381 496 16
121 225 82
91 368 11
334 484 91
213 120 17
12 387 61
163 431 81
302 103 60
457 25 61
210 293 53
435 381 40
326 384 73
354 18 68
391 331 78
349 45 33
360 316 94
336 366 16
494 198 57
219 23 53
136 363 99
326 221 94
19 253 9
345 427 13
183 236 7
46 163 77
320 75 33
341 461 53
448 274 41
35 241 11
199 433 96
492 131 33
132 437 44
442 359 5
438 216 39
481 56 41
461 464 17
177 337 33
110 102 27
439 461 87
44 101 73
189 255 15
300 194 5
467 135 53
321 205 36
10 259 10
54 405 45
146 451 37
180 464 30
442 227 98
497 485 61
325 488 16
444 384 41
316 414 65
375 41 42
25 473 68
215 256 2
202 334 34
413 267 99
207 123 74
273 217 44
444 145 63
380 444 21
478 484 34
122 357 96
403 164 83
117 36 53
400 198 17
392 348 56
349 206 70
128 296 78
418 178 74
339 366 35
238 82 42
79 185 99
309 298 93
293 37 12
484 4 5
445 159 83
405 172 31
65 283 68
364 391 89
76 231 38
480 478 77
136 434 100
332 131 38
36 452 37
457 273 66
373 76 21
138 150 34
125 419 33
168 171 97
82 461 22
37 189 30
485 366 14
479 319 60
12 452 13
407 186 93
330 158 68
377 430 1
324 492 28
170 270 47
152 191 35
176 118 45
407 198 87
64 453 47
390 426 87
157 478 21
480 158 64
230 83 20
389 90 7
325 485 11
54 72 42
345 409 52
161 132 88
217 432 34
59 282 20
75 41 80
138 205 27
375 102 89
454 98 51
238 474 88
53 446 68
442 496 92
24 16 100
407 34 93
466 264 90
136 82 99
344 214 22
378 196 30
78 336 65
94 332 82
194 400 28
483 422 77
172 204 91
261 289 46
375 122 21
254 430 82
304 292 91
299 252 4
436 66 74
240 161 77
393 63 90
30 320 50
409 175 54
447 71 16
429 469 43
451 67 30
54 27 73
368 243 94
231 178 61
329 391 59
144 205 40
412 72 67
345 172 95
35 194 8
275 245 1
83 260 39
74 131 11
275 349 72
415 317 75
397 185 34
49 449 33
306 125 13
163 303 3
45 175 63
259 173 92
106 115 76
99 34 56
269 178 40
423 291 38
217 164 47
264 220 19
169 44 98
488 76 14
476 213 42
208 216 5
134 244 73
114 338 14
427 95 94
261 442 14
438 110 65
320 235 68
316 360 37
388 326 38
258 122 37
104 251 69
422 190 63
165 410 92
500 89 6
462 405 21
172 207 8
233 283 25
196 128 41
469 156 74
430 326 5
330 492 57
27 395 53
180 195 15
219 402 10
253 388 92
471 101 65
156 66 92
478 11 92
270 283 66
232 349 50
299 229 92
260 440 76
349 286 9
17 140 73
375 334 20
448 489 69
114 110 49
151 53 80
445 32 67
45 155 74
53 414 52
90 284 76
163 387 87
92 457 12
55 130 14
460 314 25
247 39 9
496 432 76
293 313 96
415 465 8
107 317 12
331 491 2
182 69 75
403 149 91
423 422 18
39 226 25
150 48 14
101 187 57
102 358 76
344 102 82
405 273 83
172 419 94
254 75 60
234 85 23
320 486 23
77 119 40
460 346 92
228 392 96
20 450 77
291 485 35
69 459 19
337 426 13
128 132 5
63 39 93
131 142 32
183 298 19
450 463 73
331 436 51
431 382 43
314 247 25
358 340 14
149 11 70
320 366 82
346 266 76
75 384 68
428 72 85
205 303 35
177 213 14
302 31 12
414 217 75
35 123 71
310 242 22
137 350 58
281 85 95
151 92 52
382 412 26
322 409 86
13 71 85
434 229 9
419 174 63
220 473 92
51 152 91
37 36 24
201 452 9
42 294 100
164 354 41
118 245 39
410 176 91
303 213 53
470 68 18
309 67 46
426 50 97
159 204 20
84 231 5
266 269 37
217 382 70
200 62 49
390 1 29
322 177 100
130 135 60
327 203 6
378 443 83
14 393 1
68 121 16
129 454 1
279 187 1
471 218 41
439 179 2
52 204 81
280 472 39
254 459 12
454 440 3
457 318 87
344 362 49
159 363 54
59 254 1
348 166 31
380 199 79
411 458 44
148 249 47
414 232 51
354 180 29
110 355 59
211 451 75
490 119 30
325 251 89
415 280 2
306 456 12
39 112 56
436 328 90
334 345 43
204 308 16
359 340 22
279 367 24
259 60 57
38 210 9
20 48 82
84 400 75
128 9 44
260 69 12
294 266 77
102 279 60
276 17 8
160 127 75
18 168 61
54 345 5
317 126 89
428 277 30
401 270 80
13 344 21
131 46 93
229 282 37
20 260 80
142 92 75
318 294 64
83 105 7
306 478 52
286 252 59
329 359 91
48 240 93
329 435 4
211 275 11
188 321 52
423 401 71
298 141 70
67 54 41
166 237 30
7 284 24
290 314 12
36 171 82
372 105 98
175 94 33
180 283 17
210 211 33
439 348 76
86 301 4
250 411 63
19 156 12
441 497 1
436 32 20
280 264 84
370 406 40
47 230 38
418 189 26
72 321 1
136 189 51
475 9 42
446 376 48
441 72 92
8 48 90
242 189 97
41 94 7
37 139 98
28 82 50
404 187 79
285 89 25
478 451 74
417 110 49
20 189 34
14 417 2
397 423 72
443 152 28
428 21 36
394 360 47
435 331 73
492 6 20
439 2 51
174 61 91
139 368 43
215 105 86
469 22 94
307 481 66
236 223 60
218 305 59
439 240 9
164 366 68
203 112 64
395 265 69
162 261 79
373 432 8
168 183 77
462 487 81
127 178 65
416 58 40
386 302 30
343 94 42
299 497 1
197 347 6
423 83 62
435 377 84
78 193 17
33 44 59
217 41 21
426 100 49
305 167 8
207 256 85
330 362 26
59 298 19
357 229 87
305 337 3
401 132 65
68 474 42
222 68 97
235 200 91
113 46 80
42 389 21
34 210 74
484 78 44
20 240 93
415 53 35
418 408 72
396 360 22
434 214 26
227 171 78
109 469 91
412 323 60
56 359 73
195 142 77
300 17 100
308 171 62
215 387 59
454 76 43
174 220 64
186 44 92
316 484 49
90 286 86
129 90 60
234 409 92
297 320 79
305 312 94
419 343 13
206 36 13
24 169 7
199 314 100
97 457 51
164 423 72
151 14 67
402 36 62
26 142 11
116 411 24
293 170 69
393 267 67
29 331 41
128 264 45
157 368 43
125 245 50
478 36 19
194 15 74
393 286 91
82 172 90
76 481 73
250 258 31
346 226 95
337 96 52
127 335 82
387 19 78
154 6 48
111 132 76
333 101 41
488 104 62
38 70 32
169 106 22
27 348 13
214 234 11
297 25 75
412 288 45
442 21 16
362 133 66
325 97 54
153 101 56
405 340 8
447 363 85
421 466 26
123 492 63
141 19 91
100 22 35
276 339 78
220 189 64
497 301 24
229 192 56
379 150 73
26 212 12
256 217 14
391 379 88
452 137 75
156 488 77
432 347 28
71 85 59
49 359 24
361 220 64
309 68 13
208 342 93
271 317 8
292 399 20
444 257 60
443 151 10
106 355 75
467 291 26
299 51 38
447 16 98
334 268 37
298 395 83
466 104 15
349 452 44
199 441 2
208 52 93
426 13 60
424 281 70
115 229 34
118 119 4
320 201 24
269 493 34
236 99 81
328 101 2
305 415 34
175 287 12
197 349 98
421 174 28
282 190 27
300 225 86
295 471 83
478 251 50
114 136 10
229 47 31
172 77 7
304 212 74
124 380 46
465 345 73
94 16 98
90 391 97
41 437 1
430 470 38
466 20 56
247 489 35
402 395 83
120 417 83
233 447 13
140 376 13
210 457 32
431 467 96
398 75 91
464 8 72
210 373 72
206 52 85
191 166 80
482 401 62
476 71 32
255 116 7
456 355 91
191 422 88
183 67 55
177 202 17
57 303 42
145 249 54
401 289 80
329 441 23
219 12 95
254 385 56
403 193 59
387 228 62
315 368 87
46 325 34
448 422 72
242 287 70
240 139 43
161 240 87
204 11 87
41 12 51
20 300 33
394 291 46
419 91 34
245 197 53
492 186 95
20 71 16
239 341 78
329 283 9
32 53 100
309 29 65
344 359 100
37 320 29
386 262 50
372 51 62
329 358 76
109 192 42
330 441 65
9 278 77
436 382 20
140 427 30
314 282 5
319 459 60
13 242 27
310 365 20
263 207 50
284 146 88
340 500 16
468 313 2
40 73 88
107 10 84
450 16 11
364 299 47
34 267 84
5 23 55
168 33 76
341 7 48
477 347 43
180 264 96
190 500 29
263 369 31
353 215 98
287 204 82
133 466 85
233 396 81
88 175 7
263 463 71
331 339 18
181 168 36
332 313 80
277 246 95
482 53 69
61 472 23
270 266 64
386 367 18
407 320 50
250 356 79
155 419 67
86 411 84
76 377 95
344 430 66
63 56 92
22 95 67
128 193 17
461 294 66
481 381 58
431 383 73
219 47 17
219 256 10
442 329 71
121 250 78
120 67 89
300 353 1
33 282 56
395 12 42
380 151 22
30 431 14
431 452 58
135 365 87
18 27 31
470 119 75
199 93 35
354 38 72
323 76 88
214 314 68
148 169 62
174 288 24
15 145 83
463 15 88
133 179 92
169 311 55
87 268 91
445 264 97
208 455 3
328 327 28
235 251 20
237 368 1
210 456 84
185 206 22
22 447 3
238 146 82
214 50 28
101 389 38
288 355 70
104 184 14
67 29 12
444 382 36
187 97 78
178 458 5
493 385 72
14 103 52
376 118 6
229 320 66
134 4 52
192 392 59
426 49 4
218 436 28
321 274 88
212 289 97
146 498 10
429 31 46
54 143 7
158 409 65
321 192 9
31 331 21
156 23 4
241 149 49
76 449 89
454 344 20
329 202 36
68 19 55
50 327 66
469 165 55
223 205 56
219 67 1
203 285 48
151 169 76
107 471 76
352 87 42
393 267 47
321 215 48
162 289 28
405 423 56
249 16 40
332 384 2
102 161 56
373 322 88
164 105 90
110 443 17
243 404 80
173 294 58
135 134 66
236 439 98
13 100 90
89 84 76
445 221 1
20 319 71
221 236 56
145 97 88
401 351 97
418 372 91
403 484 94
430 270 20
206 453 28
400 171 52
400 348 57
268 355 76
101 271 61
192 377 91
192 236 65
274 4 42
217 138 94
320 424 74
270 444 83
8 399 94
301 270 98
161 303 47
457 159 99
181 331 28
493 477 32
472 181 65
465 30 40
234 97 53
5 230 100
377 83 40
126 440 63
364 33 90
432 222 83
106 320 85
433 301 84
96 116 85
398 82 66
31 335 41
469 110 11
312 34 19
290 404 4
415 445 7
214 180 21
184 401 92
314 434 51
411 256 71
86 262 76
401 131 82
8 474 7
386 22 100
140 187 53
309 306 39
211 220 95
187 307 41
302 11 1
161 188 83
398 41 71
353 493 4
285 334 37
124 346 84
342 474 7
438 357 96
23 124 31
48 201 90
345 295 82
5 107 83
119 146 84
301 240 99
312 470 28
313 221 79
403 250 53
446 52 10
18 245 13
70 313 97
448 468 26
414 118 58
419 342 99
322 38 72
362 202 64
326 117 5
462 117 43
213 251 47
99 150 99
438 129 8
304 238 3
444 381 41
340 229 13
211 78 66
53 92 99
32 423 34
238 311 31
143 112 73
177 26 48
103 195 18
135 265 66
53 227 93
449 367 56
28 212 30
299 474 75
153 439 70
216 150 45
198 259 41
113 87 73
21 29 63
458 104 79
72 74 87
402 453 38
423 281 87
119 198 1
149 452 16
380 468 90
309 384 98
65 485 41
253 8 26
265 357 45
186 139 14
75 294 1
430 408 88
479 184 88
261 171 26
389 494 96
55 3 18
35 340 63
290 429 36
18 160 76
55 197 46
397 396 46
189 471 3
20 324 28
70 192 44
231 487 5
409 285 20
212 125 35
300 82 100
466 453 29
469 111 48
46 279 84
405 393 28
316 3 94
359 148 84
288 18 45
313 180 9
73 113 33
140 456 55
441 188 86
32 19 8
97 49 73
452 201 33
376 67 55
108 445 70
193 106 13
105 202 94
24 459 43
420 21 14
279 298 37
163 335 21
255 155 75
228 377 40
232 223 40
499 66 41
190 35 52
68 428 27
376 148 70
194 70 98
419 225 2
68 46 8
44 168 53
65 145 29
485 445 49
142 476 59
419 6 68
146 41 57
403 365 88
164 375 23
217 198 95
71 74 79
360 75 47
106 442 11
365 198 80
142 59 9
175 11 20
236 362 64
334 416 8
399 108 39
62 190 63
112 130 76
370 346 22
18 455 24
373 482 9
487 21 97
405 33 73
339 290 35
476 444 46
375 332 19
128 478 55
455 375 57
173 177 74
379 472 71
397 14 37
78 162 65
340 432 23
405 9 16
147 79 70
45 57 96
70 173 70
332 162 29
132 497 58
224 336 10
244 326 28
88 498 35
321 285 96
58 337 32
17 116 4
153 201 39
62 179 21
135 429 58
11 40 52
384 170 60
342 130 27
163 27 8
481 342 45
349 141 21
92 71 44
373 98 100
195 21 28
248 311 17
398 127 94
64 342 97
96 415 12
29 35 46
57 153 54
414 179 81
234 428 26
408 404 23
408 120 41
491 264 49
306 180 13
306 390 23
150 497 11
370 385 5
370 150 92
128 286 28
101 285 3
137 16 61
273 244 77
152 285 14
221 105 17
80 6 42
132 95 4
130 203 81
25 195 14
452 287 35
416 343 90
75 308 49
207 409 70
199 136 13
32 239 87
489 432 39
294 378 74
112 197 54
198 289 81
48 47 21
307 199 21
500 343 11
477 190 52
241 492 94
199 391 100
452 415 27
22 385 41
120 301 43
233 71 25
77 264 11
285 355 87
194 380 96
236 71 61
372 213 97
10 339 48
490 7 28
392 337 15
285 205 99
188 232 29
440 330 36
99 315 62
369 14 84
475 368 30
465 132 31
445 131 62
141 96 88
489 63 58
489 174 99
415 188 47
137 257 67
442 350 65
81 470 45
274 443 15
80 434 14
52 250 44
456 92 95
8 255 93
450 180 5
129 295 5
256 114 93
431 138 4
65 154 42
156 131 29
126 79 19
329 311 10
166 360 61
67 292 77
288 149 96
261 47 45
467 343 29
473 289 58
494 357 100
428 414 12
142 269 50
60 406 64
295 15 16
234 279 80
173 48 89
247 322 2
295 160 85
41 197 92
195 390 50
365 443 63
273 124 83
41 31 83
82 10 69
87 270 53
406 78 27
41 74 35
232 133 19
56 166 17
195 218 74
161 346 68
307 115 48
323 127 51
453 141 49
150 332 26
312 346 6
294 37 2
442 374 20
290 99 29
289 322 26
220 263 51
204 141 71
139 429 48
293 143 3
208 221 48
103 381 76
127 285 29
489 70 97
336 246 88
372 446 48
213 33 49
324 134 89
471 485 30
206 495 27
361 284 98
259 489 32
234 29 88
25 437 6
107 291 67
6 141 73
140 460 26
25 217 59
