500 5000
463 336 85
139 302 36
220 346 58
485 341 96
126 232 12
303 110 11
420 232 23
144 315 57
298 274 13
206 445 85
87 395 24
193 498 68
137 12 68
284 293 63
110 418 55
47 78 31
244 437 34
101 368 77
211 113 93
367 256 56
6 476 22
386 242 64
99 80 42
230 442 32
318 229 43
24 330 83
159 487 30
436 306 85
187 66 14
69 303 65
62 290 67
205 176 37
328 135 87
40 43 79
78 149 96
386 93 29
139 53 85
471 37 50
499 410 94
210 227 79
98 453 56
323 403 100
318 200 55
186 175 78
40 52 18
283 157 29
300 159 71
220 255 22
188 304 49
359 315 16
38 481 97
257 68 29
63 203 76
341 201 18
305 149 90
60 449 84
120 436 33
49 227 49
342 313 58
337 230 39
273 268 44
255 216 18
138 394 28
395 82 99
321 216 43
221 491 3
446 292 8
99 180 73
367 176 95
48 131 15
489 255 90
108 257 84
66 298 21
175 441 93
23 282 25
407 10 38
159 476 49
130 439 39
398 13 15
186 207 22
292 125 3
393 185 65
366 281 1
118 390 27
256 60 56
249 422 92
354 279 48
80 124 49
58 51 91
91 181 31
48 208 15
327 428 11
260 228 63
115 85 71
421 49 89
372 76 86
429 100 31
368 105 80
470 170 96
120 288 33
325 307 22
332 145 14
52 115 87
498 478 30
69 410 38
409 95 15
463 54 41
433 255 12
207 41 36
483 433 11
286 12 97
218 25 44
289 240 70
416 376 43
273 277 62
332 264 97
85 95 47
243 272 14
398 18 2
497 431 41
424 410 56
9 496 82
394 216 63
173 211 64
62 132 29
20 472 71
33 142 52
355 165 56
231 241 46
370 140 17
355 200 86
450 419 11
23 120 90
210 163 85
55 117 5
319 287 98
353 182 3
385 288 51
24 295 30
244 163 1
351 461 93
131 150 7
187 159 67
185 94 26
273 220 58
490 450 19
1 40 62
286 330 38
7 181 73
15 145 2
9 265 8
235 264 92
375 356 24
439 183 74
410 215 96
130 36 45
205 142 62
249 348 4
311 208 89
177 441 96
402 436 74
254 402 66
304 196 82
481 201 26
403 474 48
232 446 13
315 317 89
371 485 95
173 353 45
52 100 98
371 286 35
94 221 47
496 285 34
367 67 43
455 371 91
150 68 14
458 77 16
378 164 99
19 335 17
424 380 8
79 209 41
112 171 4
380 447 72
29 212 59
355 390 89
220 106 36
185 321 13
306 365 32
44 137 85
283 437 26
255 268 87
95 124 94
207 189 25
16 286 15
148 206 20
214 326 96
494 437 22
10 100 21
228 172 56
24 251 36
129 170 64
142 298 26
156 80 68
387 458 20
9 294 67
336 247 35
186 10 83
422 46 84
377 320 92
467 381 87
128 118 60
206 320 83
375 439 90
48 321 69
117 82 38
313 343 34
18 250 11
229 478 90
373 87 80
395 262 93
446 456 64
232 337 65
142 158 2
205 3 36
473 240 41
311 260 66
240 36 89
416 414 29
500 331 29
278 248 53
66 34 7
156 104 1
195 342 68
382 355 36
31 72 100
412 468 57
152 409 21
329 221 39
156 336 71
212 51 38
106 447 20
94 149 22
454 111 59
47 280 55
91 10 22
264 6 66
62 358 8
158 251 90
241 221 66
349 351 54
328 324 27
276 85 68
115 475 56
309 454 54
458 363 98
81 462 68
114 137 43
390 96 88
132 112 98
358 371 58
365 3 97
51 122 85
176 279 73
255 68 38
2 230 5
173 73 2
208 130 57
380 171 83
110 23 12
284 222 39
157 305 68
463 60 10
259 100 64
455 73 89
381 444 81
221 476 10
480 271 79
150 173 76
468 42 78
276 191 3
124 284 68
61 441 44
291 233 76
28 450 29
126 366 45
21 101 28
125 144 45
441 436 91
375 143 97
402 428 69
159 105 40
116 494 97
153 48 75
200 197 51
355 283 57
314 205 43
404 148 74
425 380 51
436 378 3
103 1 41
174 346 41
46 87 17
332 363 96
280 382 72
391 283 79
117 19 82
378 228 68
137 69 9
310 98 39
283 70 6
470 452 93
350 178 95
435 216 1
394 26 52
388 50 85
222 480 9
295 156 40
398 18 72
146 487 88
484 400 21
172 358 63
272 12 74
462 454 10
35 59 47
277 15 82
451 419 70
482 404 82
470 128 67
420 180 8
219 132 91
318 493 26
263 387 29
213 123 46
184 59 35
209 287 26
203 108 75
180 494 59
340 294 24
256 359 63
409 12 50
196 135 84
223 203 21
323 1 39
417 463 92
447 4 59
32 301 49
17 290 74
78 203 29
449 292 88
247 435 83
310 441 61
2 368 47
231 440 87
78 92 39
5 349 76
438 55 9
231 301 9
134 388 93
413 394 72
222 386 78
258 334 62
281 474 72
362 384 15
390 467 54
359 368 10
137 309 96
126 74 50
467 321 67
28 469 2
499 90 11
11 364 49
316 54 62
90 365 24
253 34 15
338 331 11
442 489 15
484 291 51
426 354 41
348 239 10
414 350 1
228 267 37
412 320 10
183 64 81
411 363 89
338 125 14
345 394 49
484 473 92
228 35 31
169 93 22
63 117 34
146 374 99
346 344 39
404 178 40
126 84 44
191 447 1
435 155 99
299 349 85
128 330 80
470 16 66
105 124 3
383 442 14
468 29 10
37 124 73
191 234 56
170 103 87
41 81 84
427 389 85
267 452 48
195 445 95
97 208 14
488 493 22
227 201 4
290 426 21
37 428 89
141 175 87
488 322 81
92 164 34
294 90 84
169 26 59
427 101 99
234 437 40
346 287 1
93 498 48
103 365 15
184 89 100
206 196 91
202 415 46
480 5 93
243 401 22
78 86 62
382 84 16
345 13 94
195 168 46
437 68 23
40 232 95
98 196 38
45 245 95
76 429 34
204 6 13
25 265 44
5 382 39
312 250 65
144 49 40
141 175 79
354 312 93
123 22 83
437 297 39
11 223 62
97 262 66
486 434 41
367 309 6
93 130 32
129 416 20
373 139 47
123 61 77
118 305 18
292 238 13
73 216 76
471 67 9
3 391 54
206 248 9
138 38 47
380 85 35
38 186 13
248 143 48
337 379 29
130 481 1
344 264 64
424 332 38
358 344 38
491 366 35
247 84 64
126 78 98
217 166 45
108 118 30
240 360 90
481 360 74
319 336 83
375 435 25
105 91 93
291 57 47
356 353 11
107 303 87
201 365 10
195 296 85
293 350 60
461 483 12
181 83 17
353 397 52
328 159 91
307 67 26
289 81 47
478 119 74
324 439 98
327 263 47
281 122 83
250 325 44
219 467 83
409 26 64
301 128 96
158 220 53
126 361 41
181 351 58
207 58 40
245 156 47
470 5 10
11 92 56
397 449 44
124 469 97
352 30 42
117 248 89
168 272 82
21 434 1
251 247 53
159 458 93
192 348 36
1 457 37
21 228 45
113 212 99
456 349 39
140 268 62
422 85 47
351 170 71
71 225 12
416 106 96
451 153 94
326 200 30
410 119 72
53 38 68
22 142 23
480 53 85
271 311 32
267 403 8
438 1 15
219 322 41
258 266 22
407 240 25
440 147 42
461 157 72
240 439 33
277 302 32
91 305 17
408 489 82
476 34 45
95 500 87
476 442 41
470 245 43
296 246 10
374 440 1
393 204 71
306 176 67
178 334 72
388 42 66
401 366 41
327 469 3
257 258 35
305 455 51
255 107 64
37 424 2
425 266 86
209 298 29
464 494 41
246 117 75
497 64 66
3 117 84
73 333 13
7 489 13
184 411 43
487 362 11
47 313 56
456 375 13
95 224 41
95 437 23
439 144 58
180 119 40
197 55 40
450 182 43
458 479 99
34 227 94
143 163 85
209 500 10
115 24 89
438 68 95
157 151 47
128 220 90
183 194 96
493 268 47
192 371 65
42 136 36
50 264 41
366 208 43
146 133 29
432 237 35
187 247 15
292 481 37
74 249 89
152 59 74
196 369 74
156 199 98
470 225 40
161 238 86
387 19 66
431 61 86
235 337 52
112 63 43
130 132 50
45 293 27
342 371 31
207 410 57
344 433 14
74 465 74
416 194 80
461 463 48
246 423 47
164 249 99
166 412 8
69 398 48
452 61 74
31 83 50
410 282 29
12 217 89
22 354 47
235 153 8
51 123 48
173 461 14
468 466 48
435 362 98
442 40 81
384 428 78
176 452 19
489 497 30
403 392 62
131 283 15
232 88 52
122 223 25
227 317 93
288 206 90
160 152 1
309 39 92
393 420 88
452 214 19
461 402 41
302 206 51
116 37 16
463 104 48
340 493 9
133 441 37
34 92 5
36 192 72
207 76 76
169 274 31
222 68 3
325 268 74
443 98 73
36 373 3
197 65 92
349 472 20
61 497 76
181 24 78
297 14 63
473 250 93
76 464 57
214 252 86
100 94 76
188 49 78
140 386 79
437 194 92
41 266 19
319 302 89
65 455 20
423 47 90
85 185 46
108 17 85
57 394 78
28 300 73
433 252 52
318 154 31
273 222 18
81 298 32
146 181 82
201 400 35
481 192 59
213 379 5
176 321 13
199 387 89
352 260 38
435 324 21
191 456 83
364 289 13
492 267 42
253 158 20
364 352 21
304 366 9
76 298 57
500 170 42
125 47 75
17 316 98
488 442 77
270 139 63
245 329 36
166 445 64
314 139 22
498 19 53
447 432 39
44 62 91
39 3 60
255 127 32
172 497 84
431 125 57
71 248 59
196 52 75
457 80 76
128 15 28
312 144 10
455 294 21
38 496 61
377 476 31
402 196 7
137 31 81
496 313 79
40 7 59
98 420 88
161 197 97
300 128 44
367 461 56
65 260 27
137 178 9
367 46 93
160 336 61
15 265 97
314 186 61
303 357 34
199 432 60
286 213 75
442 254 95
74 279 26
255 445 7
437 177 43
158 152 31
148 214 99
417 63 83
216 89 72
411 247 5
448 279 35
244 262 39
378 218 45
1 45 57
488 388 63
151 371 56
361 217 40
307 368 67
347 455 20
271 298 66
210 88 53
22 496 98
167 306 46
286 207 54
312 471 44
222 152 61
274 380 77
201 476 83
88 289 7
210 381 99
123 187 10
10 287 26
279 95 61
419 118 4
272 300 10
371 215 59
17 388 49
269 154 95
218 42 92
103 361 31
256 174 52
168 118 21
354 243 28
430 172 3
41 269 85
102 330 43
127 68 25
364 119 8
1 459 12
159 200 2
357 17 75
177 325 36
464 24 77
408 159 66
106 310 29
48 490 35
439 172 67
108 152 49
20 305 21
405 455 83
259 153 87
380 365 12
429 167 38
399 457 84
211 312 9
288 70 35
317 18 86
267 367 86
115 367 100
123 141 99
325 13 86
219 139 3
128 415 65
373 177 78
460 369 45
80 118 75
499 338 29
68 105 9
128 485 72
394 212 31
26 39 56
500 467 25
30 163 53
125 410 78
406 203 25
28 136 6
291 47 55
438 431 16
2 448 3
330 251 25
47 487 34
425 223 20
489 343 70
44 285 78
467 11 54
312 53 6
141 491 18
364 423 13
427 490 9
307 456 76
357 427 62
206 148 19
380 292 79
464 481 49
117 356 10
29 220 78
70 497 95
168 206 55
412 367 25
107 195 12
339 151 51
61 26 33
489 146 12
458 30 81
274 82 65
195 266 62
414 178 42
148 474 23
308 176 42
490 15 23
1 39 65
269 143 13
410 435 92
389 41 84
12 239 18
180 413 87
5 458 56
184 420 34
128 357 77
431 485 34
24 258 94
179 194 44
202 392 42
417 445 93
321 207 45
286 280 79
303 128 54
206 38 29
263 328 34
289 482 96
248 294 99
467 84 28
417 370 40
9 275 34
393 318 66
426 199 65
144 350 100
287 176 49
488 287 13
119 439 52
490 215 8
213 368 43
372 85 25
105 6 94
127 3 20
77 192 41
173 487 30
328 408 84
403 31 14
494 368 86
427 464 2
248 252 21
214 239 93
302 345 93
44 186 18
279 87 28
251 289 65
149 495 26
326 154 36
398 292 96
76 218 81
89 37 15
316 426 83
279 46 33
69 325 33
171 119 27
142 478 90
353 386 97
485 330 17
246 454 87
374 53 33
147 218 24
221 18 5
180 179 79
145 188 84
158 120 73
346 471 54
11 100 49
156 178 72
89 185 58
352 181 19
309 132 39
198 178 71
489 418 27
118 11 28
354 213 50
493 135 56
69 385 99
480 113 62
100 76 64
181 121 33
479 341 93
296 426 10
298 340 18
405 56 88
350 7 82
125 23 80
12 132 25
154 476 46
187 304 16
49 14 44
264 377 76
475 463 34
310 253 24
131 344 4
436 188 79
261 130 20
277 44 60
278 258 95
108 270 10
181 273 32
458 252 20
22 35 53
59 197 73
211 409 19
355 213 85
59 293 81
44 482 2
308 71 37
225 381 6
126 131 59
459 378 92
400 375 88
240 117 4
464 430 13
190 480 41
335 36 24
95 309 43
390 48 46
376 238 95
69 62 3
75 379 79
145 152 18
155 9 63
181 335 32
56 5 47
449 258 65
454 106 85
100 87 16
289 499 8
333 170 44
102 430 63
47 308 48
24 64 64
53 214 34
179 150 82
6 237 73
292 104 10
65 223 57
156 288 47
47 418 90
457 98 54
463 59 56
139 174 4
64 405 66
334 45 26
243 308 53
100 25 32
435 156 45
142 55 4
414 329 1
410 72 32
249 342 95
256 120 33
169 335 12
144 128 94
32 224 7
299 32 76
113 45 14
252 403 90
172 365 69
478 494 57
438 208 16
311 404 98
348 448 82
451 341 83
473 91 80
99 359 96
352 397 54
11 236 11
210 13 98
24 33 80
283 449 17
279 350 6
484 192 21
187 108 60
318 16 32
500 6 86
151 377 14
223 83 8
94 394 65
31 206 53
284 39 84
282 34 7
475 293 29
402 221 60
17 433 38
44 243 87
132 447 65
12 488 50
98 296 48
357 135 77
159 44 59
111 283 72
478 59 98
368 321 57
434 388 82
249 294 88
221 436 30
19 125 53
6 177 70
220 293 87
275 288 67
444 239 53
472 354 51
27 8 40
373 197 64
58 192 75
414 147 80
42 31 39
90 59 64
211 34 99
423 467 18
294 176 41
306 478 35
397 229 37
349 316 78
154 175 100
462 202 53
162 20 28
484 43 9
84 95 74
223 278 8
22 71 34
349 86 57
168 460 25
454 300 32
155 305 57
451 296 58
97 480 23
24 141 93
434 17 40
43 349 40
113 250 82
76 247 71
191 267 32
37 466 47
83 161 43
352 374 67
26 80 85
104 319 76
230 492 40
210 115 81
322 403 67
490 51 71
123 206 56
481 179 55
395 301 55
41 443 93
239 21 65
4 147 50
392 477 68
312 126 16
209 395 43
215 441 17
329 130 67
65 426 28
170 39 46
340 433 36
266 79 40
47 74 47
229 442 98
397 409 5
163 113 73
270 305 1
481 208 61
445 317 14
294 401 11
466 152 28
443 23 22
372 134 61
402 255 14
310 168 89
303 194 51
81 305 6
270 325 73
177 259 26
469 244 72
19 491 93
390 89 100
349 110 54
181 240 51
56 432 39
277 327 68
327 328 39
96 491 26
346 303 47
407 455 69
10 23 31
220 434 43
459 281 25
365 480 25
210 197 44
282 398 38
494 30 85
444 290 52
78 381 55
454 391 86
256 317 36
469 318 62
392 276 42
231 404 95
414 155 55
325 500 1
220 43 88
9 188 44
430 44 79
146 492 4
488 186 81
342 409 34
437 432 32
217 414 17
422 29 1
492 112 36
184 50 88
385 56 7
240 11 2
478 97 9
206 166 38
330 180 52
172 94 60
125 203 34
297 8 97
310 115 38
437 374 16
59 93 29
343 392 92
476 256 28
77 260 73
200 82 45
246 390 99
125 467 15
286 447 74
447 346 49
97 10 32
73 105 92
474 419 50
175 387 79
102 468 64
330 497 97
154 238 32
382 96 54
153 203 95
301 89 40
387 497 91
53 399 25
254 7 32
294 256 75
292 296 4
46 241 92
288 43 78
497 82 25
23 423 67
111 386 17
472 392 51
401 220 18
122 6 38
221 28 34
437 128 28
304 166 73
498 75 50
179 59 45
38 256 76
110 455 38
15 194 74
325 375 21
15 411 47
70 301 88
481 299 79
431 492 51
253 295 78
244 403 65
43 158 58
185 385 63
81 67 92
455 321 84
306 18 46
269 239 15
22 107 5
302 335 80
430 215 14
346 267 30
203 260 64
393 452 76
167 37 17
327 262 71
386 416 99
408 242 92
147 31 56
426 133 38
432 422 27
460 214 61
339 307 43
483 190 31
218 305 76
444 291 18
455 357 7
334 9 95
106 223 46
356 275 7
484 123 24
245 179 99
267 133 58
299 339 23
238 304 63
230 422 37
384 297 65
317 155 88
285 123 46
54 159 47
75 306 83
387 235 12
4 38 78
135 114 86
351 270 58
115 352 34
330 142 9
247 358 92
235 135 96
145 47 90
243 326 1
447 26 43
253 8 12
440 180 51
451 57 35
85 469 21
317 407 19
212 392 84
425 243 33
273 22 70
177 173 75
52 79 96
315 145 51
238 465 60
211 96 7
248 164 16
281 327 82
213 91 14
403 21 20
391 474 31
257 95 82
91 5 50
395 38 51
212 349 3
434 325 50
141 168 74
196 148 63
489 265 89
422 17 30
221 321 17
350 389 19
413 170 90
135 93 94
272 236 80
218 250 68
62 488 29
21 117 46
189 211 60
17 220 14
403 420 6
271 51 26
361 359 5
218 169 43
72 256 28
278 13 11
342 299 87
240 78 81
416 314 5
439 145 74
24 480 33
203 16 73
203 492 39
130 42 32
255 235 21
398 100 17
292 388 35
379 327 62
469 465 4
301 458 8
302 286 21
197 22 56
269 72 73
389 346 67
321 343 34
336 418 85
244 356 70
496 245 78
357 283 70
44 461 53
468 172 72
86 100 53
25 359 76
63 333 36
171 148 79
326 149 8
293 374 12
200 320 91
62 489 60
273 307 72
387 29 22
396 64 62
492 88 92
153 261 3
489 491 28
357 423 71
87 294 49
63 226 2
475 170 68
391 54 43
437 487 63
404 97 34
218 286 82
82 458 16
274 6 58
86 293 24
195 351 57
477 270 9
215 77 11
346 452 89
54 304 58
70 141 41
203 146 2
33 314 49
226 96 88
258 410 57
420 277 99
410 82 87
16 272 96
367 214 73
145 405 11
276 487 31
341 67 20
245 113 66
193 322 9
124 195 75
445 194 30
391 148 92
154 439 44
346 458 59
193 84 13
192 37 49
435 332 48
211 407 86
404 215 29
12 1 12
293 246 43
500 281 82
379 463 36
61 417 68
195 478 81
217 37 93
379 436 10
376 411 77
1 36 30
37 253 78
288 456 33
469 6 90
54 448 47
141 45 52
252 243 98
46 286 76
13 239 69
92 460 65
41 331 93
262 8 69
25 205 13
391 44 84
16 424 77
420 175 100
202 163 85
405 390 82
267 427 42
159 243 69
478 243 49
320 234 7
131 500 69
387 493 95
415 6 18
269 24 51
153 278 81
418 334 20
259 118 8
291 390 41
145 124 46
214 206 44
397 178 76
285 92 73
291 37 82
222 310 3
226 391 58
210 497 96
304 33 85
110 260 52
287 479 95
58 28 95
407 300 70
444 173 13
165 225 31
210 244 52
408 290 45
121 211 32
262 6 75
132 301 92
309 375 92
442 302 86
12 46 52
13 494 7
288 32 18
145 115 93
423 238 100
362 94 19
473 230 79
150 350 83
365 309 27
186 239 42
463 244 1
357 65 62
244 422 9
256 115 22
277 356 95
500 362 28
375 221 84
32 446 17
54 271 62
47 359 98
359 192 77
264 356 77
195 101 83
52 146 4
51 453 16
349 375 9
230 378 16
212 334 79
44 420 65
371 114 99
478 471 19
246 377 15
272 392 39
304 332 36
347 62 5
411 151 74
157 368 40
409 138 99
344 234 32
29 135 81
160 483 68
381 404 83
38 289 81
80 46 40
381 347 97
336 404 18
376 201 33
469 172 58
21 450 8
324 54 78
280 386 68
283 397 100
239 448 17
439 178 40
481 296 74
315 368 13
47 249 86
60 9 78
163 175 33
162 389 4
176 352 96
371 305 80
296 106 71
407 322 20
468 231 75
196 478 34
215 69 79
85 38 92
273 388 29
432 189 49
408 221 88
50 92 97
399 446 12
15 446 100
417 253 83
281 489 99
326 111 28
264 223 67
175 442 61
459 360 29
140 109 100
413 229 61
40 363 100
382 277 74
119 217 60
61 114 17
178 228 38
4 268 65
80 78 1
346 260 82
254 123 85
495 319 84
432 337 23
412 48 8
268 244 78
157 143 66
101 263 35
358 169 23
433 422 76
304 436 43
13 365 74
8 183 52
422 257 97
500 345 28
486 48 100
179 452 74
361 248 74
258 174 53
110 54 68
327 431 68
416 2 79
456 171 42
153 400 2
466 267 33
495 151 28
122 175 51
299 183 40
301 1 81
397 274 81
472 152 38
275 290 85
302 14 46
15 445 47
82 453 16
233 130 24
475 388 32
385 2 34
186 52 42
135 222 52
358 152 27
353 153 32
60 490 84
117 342 62
121 91 91
64 258 11
294 103 40
429 467 13
403 325 94
379 272 60
259 95 92
332 406 48
401 45 14
163 100 71
9 395 20
42 263 81
361 247 39
400 159 51
249 304 61
489 35 36
84 259 91
249 500 15
269 353 58
73 32 32
126 6 71
188 71 67
258 276 88
188 319 96
40 331 72
80 235 26
38 160 2
57 97 59
356 66 25
240 301 9
321 199 81
177 190 54
266 255 26
399 115 20
179 250 32
341 214 26
9 381 33
455 224 30
160 492 96
312 349 86
273 232 40
388 486 7
304 336 10
234 350 25
446 288 46
408 38 59
138 95 32
460 498 91
419 264 57
355 390 59
169 339 80
358 152 40
100 53 19
7 257 31
127 339 62
497 51 33
71 198 92
12 442 72
34 392 33
89 77 48
477 149 3
159 500 46
55 33 17
330 215 74
484 185 68
170 51 97
71 206 88
331 43 74
321 81 94
377 469 59
478 164 50
348 62 81
411 250 17
335 462 47
342 262 13
300 322 30
46 240 43
73 271 41
343 478 15
393 284 45
253 124 2
151 280 69
313 392 77
102 104 100
300 93 55
422 284 2
276 275 23
56 217 90
402 115 58
380 168 32
208 120 39
227 156 97
463 146 83
307 120 54
269 352 41
16 271 1
364 26 6
21 45 89
69 478 81
443 180 86
129 48 70
78 148 76
500 290 91
249 31 60
394 389 99
355 494 27
114 330 62
212 175 19
152 453 27
489 86 84
265 295 97
250 239 60
73 67 21
185 261 84
62 161 84
136 247 56
108 78 60
352 78 14
133 456 81
234 180 77
132 67 3
325 5 57
424 126 4
388 333 95
70 83 93
269 394 94
90 155 11
376 382 2
102 90 75
345 371 46
55 171 95
40 172 45
341 295 53
317 169 65
107 214 36
17 461 35
314 161 94
52 181 9
234 187 44
330 449 65
465 303 9
26 50 6
420 439 85
427 336 94
108 9 4
451 239 29
352 175 67
269 453 33
499 43 63
419 239 88
71 454 33
39 191 1
24 427 2
303 436 43
391 372 77
127 463 25
293 62 63
431 412 82
160 153 92
260 428 25
35 395 4
258 110 1
290 47 45
32 445 38
46 87 71
57 430 91
365 173 83
6 483 78
125 349 48
116 129 96
351 404 47
74 118 77
401 421 91
496 233 47
154 230 42
372 163 98
354 119 24
208 172 99
358 418 38
466 106 46
38 158 41
332 327 29
247 298 46
114 486 69
357 109 32
223 156 86
218 24 66
347 175 17
178 297 86
258 213 46
389 461 91
108 56 24
369 11 47
382 25 47
320 426 65
33 274 12
491 462 77
291 374 2
209 67 31
486 136 76
266 351 87
113 308 13
397 363 29
159 303 23
77 455 23
170 118 27
471 318 75
170 388 62
108 259 10
359 151 12
243 115 71
465 72 68
58 53 59
462 326 41
480 368 77
324 328 4
334 489 33
414 254 55
175 316 45
49 32 80
330 220 73
393 233 56
272 168 36
320 222 80
16 56 51
483 324 59
113 427 64
357 265 1
147 8 73
480 201 4
202 179 63
78 212 6
447 334 27
353 350 39
271 81 69
440 307 53
173 358 100
309 479 68
292 10 16
82 435 100
64 278 94
154 360 86
62 81 8
153 391 89
305 395 1
112 91 52
393 498 57
244 256 87
305 314 72
435 79 73
333 490 28
128 300 4
313 330 35
66 407 36
477 93 82
372 144 92
402 401 42
138 220 30
405 9 39
285 246 40
163 419 57
310 87 56
488 138 24
241 224 1
308 14 74
163 274 83
81 342 40
363 219 40
210 452 19
412 222 77
192 492 8
55 103 82
401 429 18
382 209 41
284 349 43
9 335 78
372 440 93
92 156 69
416 48 99
471 155 27
476 4 77
66 252 7
154 259 54
453 70 27
479 243 90
80 377 99
281 234 16
131 436 59
132 248 79
379 464 60
7 253 16
29 184 84
161 202 76
372 35 61
453 304 6
190 5 71
425 420 55
221 347 68
470 215 69
318 141 13
165 318 84
321 161 38
224 5 24
356 144 54
240 180 97
109 8 95
114 321 51
282 378 65
343 206 98
88 152 23
417 497 17
453 294 44
39 372 34
316 121 64
167 238 2
272 210 76
22 296 37
435 106 5
336 208 47
421 100 65
81 84 9
349 373 48
368 482 4
492 470 71
79 15 68
103 34 54
123 320 75
249 112 20
294 171 66
421 37 20
238 63 2
389 445 57
491 474 33
481 3 57
18 244 39
424 187 78
46 173 48
340 28 15
359 92 71
237 304 87
137 339 72
394 117 38
262 442 91
87 100 4
478 88 39
286 241 19
294 359 25
245 331 55
41 401 99
10 276 6
86 243 91
235 86 52
53 155 98
294 319 88
314 304 43
296 250 10
412 396 94
385 147 100
189 241 3
74 91 99
161 110 26
498 47 47
73 248 60
5 418 55
303 113 34
236 205 48
375 464 73
133 496 70
87 33 82
151 153 74
109 39 77
100 154 7
304 271 70
92 446 31
247 217 9
242 2 87
271 364 16
22 425 79
450 441 97
35 471 42
424 143 96
316 286 19
226 294 5
106 335 35
321 57 68
144 426 49
357 497 1
474 314 90
172 192 12
133 85 72
356 121 39
295 460 40
185 323 9
161 261 26
17 104 13
290 161 69
100 20 14
355 126 4
461 297 29
146 402 2
404 64 35
32 363 77
310 296 38
188 116 54
281 435 71
80 180 38
269 462 55
193 368 82
280 59 35
428 459 39
83 379 41
293 380 9
128 314 65
55 103 100
349 148 97
187 156 79
125 485 39
418 213 43
223 218 58
116 58 60
317 448 35
146 281 89
337 156 14
479 386 79
229 241 13
311 138 50
263 279 59
2 290 8
190 39 77
71 86 15
345 222 4
476 261 21
490 484 45
459 303 24
465 161 59
433 24 66
347 225 73
391 418 33
448 122 92
118 41 82
240 389 25
397 296 58
6 474 39
372 297 81
171 240 12
243 372 66
449 314 64
96 469 97
131 217 54
82 353 27
408 125 28
223 360 55
174 480 86
1 337 54
332 418 27
121 22 24
457 355 16
234 177 26
308 330 6
294 125 96
171 249 75
434 289 46
148 272 96
157 286 8
289 115 91
92 74 5
341 143 67
423 334 42
328 43 34
104 13 72
273 266 17
468 470 28
340 163 62
157 390 4
45 140 14
278 438 63
293 388 98
123 76 19
495 64 48
41 217 6
126 136 99
472 398 95
219 278 22
262 16 44
298 120 38
436 270 87
424 331 36
334 347 88
298 315 63
82 62 66
19 453 82
237 65 52
78 107 57
459 277 31
75 399 41
66 34 46
260 194 1
288 294 24
59 456 61
374 429 27
267 422 11
228 129 68
401 227 55
179 54 37
250 316 22
319 164 31
76 261 31
326 214 16
363 459 54
290 32 29
140 116 19
402 38 66
207 298 48
321 370 84
48 317 68
463 174 83
283 101 20
230 209 43
396 496 87
313 18 9
297 210 74
165 124 13
136 279 71
454 106 64
496 448 82
159 255 76
390 429 71
48 95 71
121 7 11
500 336 27
177 232 39
277 259 98
407 444 23
374 280 4
18 457 74
211 175 54
183 59 23
461 136 11
262 306 84
410 107 97
457 24 45
225 381 44
190 394 92
2 275 68
96 53 61
262 101 14
90 430 3
99 207 61
476 331 65
40 149 73
236 332 13
103 30 19
36 31 64
193 12 29
284 250 11
210 222 23
355 5 58
161 481 17
127 462 81
317 115 91
267 403 89
178 461 92
113 12 81
264 69 25
59 442 50
29 112 51
46 192 69
2 174 44
101 287 76
301 418 92
91 123 54
120 355 78
329 269 86
255 55 33
162 472 23
78 100 93
119 365 99
431 479 85
426 200 25
21 94 4
166 244 53
426 238 23
71 423 98
269 270 5
97 291 6
223 482 7
1 27 40
281 127 36
417 340 85
181 24 91
121 255 19
477 208 79
9 441 59
201 279 41
368 405 26
1 206 30
474 315 96
340 348 66
175 158 93
422 492 62
126 110 62
56 486 11
380 67 91
264 463 16
186 26 55
310 352 35
450 352 83
468 279 72
372 468 7
180 148 96
261 229 75
409 404 3
282 50 93
467 32 63
460 307 53
132 216 5
343 100 44
1 318 28
53 404 24
273 254 76
42 195 6
467 308 62
186 40 45
75 343 21
222 338 11
432 465 12
10 320 20
200 210 63
236 165 2
265 13 80
42 444 77
328 256 72
106 389 34
449 204 80
17 406 90
327 36 92
258 119 70
401 417 2
288 142 47
290 135 96
375 218 84
424 65 24
136 450 46
210 317 52
412 375 31
241 286 39
43 468 100
425 232 86
178 196 3
330 308 69
68 487 52
35 276 54
365 291 91
189 25 82
236 20 65
90 34 48
407 54 17
425 303 47
356 373 63
402 222 78
45 342 14
487 78 8
370 174 18
12 230 78
280 452 99
215 205 63
496 253 37
135 441 4
20 198 3
258 124 43
340 316 27
26 37 71
143 470 73
458 12 95
381 279 75
366 233 53
473 55 63
156 481 63
42 17 28
357 217 60
358 410 52
325 127 13
249 121 82
330 254 19
263 273 90
359 362 89
404 397 39
83 259 94
116 339 21
326 12 54
483 280 31
77 60 17
228 110 32
83 216 83
321 304 13
193 411 3
253 210 38
69 204 79
335 300 33
448 40 78
352 121 9
394 142 71
429 135 24
382 237 33
240 146 76
307 2 83
269 63 100
333 423 88
213 304 79
9 404 75
125 41 31
37 404 24
242 492 91
281 65 86
137 395 65
418 449 56
238 171 68
445 229 94
443 382 11
26 433 89
3 183 28
422 304 10
42 399 18
489 383 18
132 14 55
308 360 11
381 138 83
250 1 69
449 153 53
4 473 39
20 448 84
451 70 21
230 95 19
52 326 32
371 155 18
457 122 85
370 283 39
275 140 22
130 493 84
172 5 74
101 218 73
445 273 10
364 152 82
133 314 19
111 327 48
168 55 30
280 244 56
177 147 95
118 89 85
215 478 37
491 141 93
421 362 87
377 159 15
148 414 35
372 395 3
231 445 13
107 334 14
464 422 71
106 118 5
9 314 31
404 371 93
217 108 33
342 223 94
360 312 43
451 248 32
340 120 96
103 376 65
421 122 69
68 72 74
203 68 2
167 80 79
308 355 66
414 301 50
195 408 17
482 152 36
227 147 32
294 273 58
48 70 6
67 131 74
66 389 35
291 425 77
397 97 68
199 124 37
221 263 75
210 429 28
494 467 94
288 77 8
95 56 66
64 258 86
321 233 69
44 191 46
122 126 73
251 257 37
109 196 8
102 190 26
176 215 41
273 355 39
148 492 62
29 396 83
64 440 37
351 41 100
372 386 100
452 32 98
480 334 75
104 220 83
333 78 67
51 355 33
408 415 15
353 429 56
487 287 32
32 104 62
267 12 72
86 129 29
351 363 29
427 100 23
139 496 23
326 328 13
182 324 55
421 316 17
48 426 34
469 442 94
71 255 70
287 16 23
409 192 28
455 81 20
354 300 49
95 275 15
365 164 32
326 46 93
101 207 1
385 261 24
169 496 65
489 256 74
376 129 81
85 361 69
41 192 39
470 191 71
397 28 65
251 404 52
42 284 7
248 234 79
462 191 86
414 217 81
40 82 27
55 498 17
118 222 31
458 156 91
85 150 46
316 452 81
152 495 38
84 116 51
499 101 29
359 458 73
68 420 74
329 389 32
287 206 61
156 76 41
122 261 4
174 330 27
250 478 63
450 152 65
248 171 64
322 229 52
350 37 96
191 323 41
61 159 58
93 407 11
347 427 58
310 447 45
136 421 38
213 262 61
255 242 66
249 312 23
187 22 31
48 454 41
132 98 37
4 364 38
251 28 37
80 255 52
178 412 65
403 107 75
441 39 50
316 469 56
86 210 92
448 476 96
45 3 30
228 422 54
361 182 45
245 403 59
281 97 52
35 15 15
47 50 10
165 308 78
156 448 76
168 482 97
496 232 30
64 6 62
424 459 70
453 357 67
314 436 91
479 192 29
362 198 46
373 208 10
207 61 83
87 235 51
413 285 58
495 57 40
232 134 75
317 427 64
320 210 61
312 254 7
480 382 4
257 403 83
315 148 29
391 271 100
298 168 18
377 34 28
399 217 13
60 304 72
175 9 81
188 21 41
93 18 27
1 397 100
221 309 87
261 161 4
341 227 69
115 290 27
135 331 33
279 203 64
22 161 21
446 129 80
137 458 91
156 286 7
228 158 83
146 273 84
488 88 71
386 121 88
8 290 3
113 369 13
331 475 70
306 110 22
435 256 69
399 402 66
420 190 91
113 486 13
462 14 61
83 100 96
337 457 96
316 170 90
308 296 55
278 206 64
210 454 36
118 459 36
151 181 67
133 443 45
279 380 80
14 287 37
204 5 82
264 495 99
463 328 49
318 437 89
399 152 37
445 449 80
389 433 78
42 18 53
392 150 33
190 395 82
485 119 91
213 240 84
114 348 17
227 117 77
61 12 52
95 113 47
321 124 25
390 19 68
109 346 60
62 108 54
43 22 88
20 163 56
130 225 76
422 151 43
239 46 29
270 412 92
403 483 65
404 350 57
483 14 60
471 63 64
237 302 63
69 449 14
172 266 60
296 31 88
262 317 45
214 301 60
182 242 19
179 107 70
449 152 56
211 484 34
142 4 74
491 110 36
84 314 20
244 34 70
387 182 82
238 115 51
153 244 18
151 87 8
152 148 23
25 254 74
47 234 37
366 271 80
314 494 16
416 3 95
290 117 81
309 197 89
287 339 58
117 206 82
375 363 71
320 124 81
440 303 95
256 300 95
278 100 87
61 144 34
304 24 23
457 89 42
440 393 26
392 43 64
484 240 19
21 116 50
323 185 26
366 174 9
490 426 12
326 424 6
380 84 37
237 493 56
495 322 9
135 490 52
93 106 55
319 163 22
98 259 6
267 16 46
283 31 67
449 1 66
285 165 58
39 493 100
459 410 57
246 81 96
458 435 54
140 1 10
202 335 63
18 225 90
16 476 81
90 135 69
427 115 46
167 494 29
264 431 51
257 306 16
163 296 50
451 177 90
324 275 69
189 26 24
132 257 75
416 435 68
292 151 65
147 57 21
84 340 21
187 27 81
367 295 96
495 404 72
350 69 16
397 342 16
103 182 93
98 257 10
176 60 34
154 409 31
349 122 51
284 363 3
106 318 85
79 373 78
160 430 90
347 359 32
4 272 78
26 28 61
241 331 56
262 63 80
256 390 87
3 218 84
287 110 98
405 70 61
431 229 56
225 320 56
286 482 32
115 205 30
471 45 63
287 177 6
192 376 54
158 221 17
465 77 82
204 386 74
290 322 61
20 279 15
104 91 2
275 474 45
436 207 23
115 335 67
199 445 2
34 44 45
13 165 91
96 147 31
36 496 28
286 115 67
458 449 36
394 135 45
306 273 96
314 443 70
119 240 2
142 11 26
186 287 77
359 421 3
283 69 54
284 252 94
316 476 43
76 215 91
459 163 12
427 36 70
108 155 33
54 361 6
144 458 69
301 470 62
302 132 7
111 37 51
435 486 46
175 118 59
403 303 29
70 363 85
186 235 77
175 485 10
283 254 48
207 423 17
221 207 2
490 356 66
117 499 67
243 486 27
380 51 45
39 343 16
364 167 27
379 137 40
265 25 87
151 401 33
467 291 46
466 279 55
308 11 95
332 294 90
330 93 72
86 486 79
493 255 97
85 363 64
432 447 42
426 267 57
361 95 78
396 77 65
177 384 75
378 497 19
386 140 10
262 115 21
75 320 66
32 433 3
485 254 82
124 280 16
64 327 15
355 438 79
355 277 13
300 287 58
267 409 87
97 108 35
26 16 67
296 165 16
427 213 82
104 281 82
399 226 60
139 434 35
81 280 73
321 10 1
451 403 84
331 46 39
120 267 62
306 184 85
420 23 17
296 51 95
292 479 32
215 84 82
316 262 4
102 205 98
369 67 42
8 416 13
308 258 82
180 189 80
142 390 67
266 130 80
102 176 1
303 112 66
287 361 91
470 300 6
61 203 97
376 56 16
25 217 15
263 433 41
461 44 47
222 433 27
369 498 82
382 269 9
217 248 1
169 127 45
273 328 3
124 423 67
188 413 46
466 283 31
408 276 33
126 432 49
211 359 9
242 159 42
51 21 88
312 308 13
88 141 6
27 223 4
130 290 44
222 378 47
398 478 33
110 258 24
446 343 78
271 119 74
9 95 92
228 482 54
213 248 31
364 233 64
355 313 88
138 60 90
437 227 32
225 336 71
125 354 97
231 4 34
175 491 73
336 135 11
462 7 95
73 375 73
279 248 58
386 309 93
314 261 45
11 80 57
461 17 12
239 211 53
312 385 7
485 68 56
172 286 35
288 166 82
351 418 58
424 383 57
317 225 100
278 202 70
486 268 57
73 382 80
405 109 3
124 208 33
324 196 39
430 196 56
323 301 90
466 101 34
208 357 56
228 384 5
100 302 62
181 496 86
250 264 72
73 204 7
451 237 29
471 160 13
240 453 76
397 76 58
63 52 100
371 369 30
42 233 37
371 474 73
388 394 15
39 359 23
275 450 55
23 236 63
358 102 8
481 187 34
27 332 42
42 45 59
337 229 15
455 3 36
287 308 15
455 161 83
152 21 20
228 261 15
272 355 66
320 445 60
95 491 1
365 306 52
293 139 2
1 236 17
197 216 89
237 18 43
498 335 51
136 341 66
291 359 53
372 109 83
329 355 55
464 363 63
313 425 41
351 118 81
158 81 13
295 236 26
390 458 44
167 145 53
289 71 51
306 203 69
62 28 55
80 423 71
229 130 89
301 445 7
44 95 25
245 175 54
173 273 6
302 19 74
45 173 57
313 267 56
382 30 97
432 424 31
439 329 14
210 281 4
240 204 31
34 169 83
373 149 91
172 220 39
133 268 84
109 158 35
453 193 81
228 84 55
267 184 4
55 273 44
210 467 58
246 210 79
452 159 14
410 59 97
385 308 31
12 217 72
492 112 91
212 417 91
310 13 66
89 341 65
259 447 6
384 471 22
421 106 53
45 418 8
408 499 85
265 42 50
328 482 95
13 410 14
309 202 7
339 428 19
2 100 1
484 425 99
50 415 46
319 332 94
148 202 96
370 55 94
262 248 88
475 47 8
91 63 72
341 328 57
77 190 61
486 154 57
108 8 88
307 255 39
193 470 36
310 357 15
179 372 54
63 204 98
25 497 98
37 76 20
375 483 71
66 44 34
168 470 93
319 348 21
252 437 24
242 160 12
262 217 100
383 91 5
384 397 7
353 215 74
293 388 44
431 391 88
359 258 61
419 171 69
198 82 45
43 390 28
300 253 48
202 200 78
498 254 66
261 308 94
199 242 11
473 192 46
286 361 99
177 415 96
167 402 10
304 128 48
267 7 66
300 73 87
281 289 57
137 416 17
9 27 71
125 384 3
150 185 52
367 262 81
238 398 8
272 493 74
214 471 69
99 301 83
187 225 3
495 19 68
65 498 85
342 148 33
248 67 4
228 360 84
283 290 37
168 314 78
265 121 56
35 241 43
193 446 4
380 339 28
82 178 89
402 356 55
485 456 99
432 359 8
230 282 79
292 410 61
146 362 15
260 342 7
135 346 74
442 82 68
424 357 43
415 228 57
481 131 31
39 446 33
409 449 65
182 273 73
253 36 44
279 365 36
107 103 41
11 7 33
57 137 3
55 468 68
303 347 89
281 112 29
158 435 44
72 371 96
219 204 82
217 91 93
76 258 14
178 36 96
163 333 44
239 251 99
477 232 94
311 160 21
14 57 7
446 480 29
38 411 99
174 86 30
34 333 62
371 93 82
206 477 62
5 220 29
443 388 76
120 477 15
151 51 79
380 116 6
156 413 29
50 59 100
58 428 27
26 37 75
252 152 12
92 21 51
276 494 49
88 317 43
41 206 68
217 492 53
324 397 8
381 407 54
53 155 72
25 108 11
486 241 53
364 370 13
46 275 4
326 267 38
69 327 72
305 185 49
441 420 46
7 420 30
33 291 19
13 78 66
486 440 78
345 279 41
280 472 22
455 305 88
164 186 73
286 393 17
291 383 69
133 268 45
326 496 43
8 213 40
495 375 49
18 106 45
240 222 1
439 329 7
363 217 23
376 226 38
263 125 79
216 353 43
221 37 58
272 207 77
24 440 21
488 160 10
422 88 17
399 248 84
473 411 27
468 283 6
76 253 59
344 435 94
121 212 37
442 201 46
231 9 29
198 10 57
40 434 82
266 208 21
308 84 99
360 289 70
264 277 81
228 330 31
357 251 2
447 66 73
370 479 29
204 7 83
479 32 69
94 97 57
297 350 97
445 115 49
354 6 82
495 43 99
266 110 23
340 57 8
489 105 45
136 313 48
87 187 16
352 353 16
441 305 9
293 144 40
388 270 59
334 392 28
336 44 36
277 232 4
327 94 18
71 222 71
219 71 40
282 51 73
233 67 40
458 25 98
162 225 90
434 427 6
353 272 14
493 230 85
74 278 27
349 23 67
134 346 87
185 442 49
424 431 67
118 495 8
77 205 39
206 154 61
452 460 27
148 10 73
51 284 45
478 382 19
232 108 5
416 256 5
119 166 66
474 357 7
163 189 70
418 464 11
131 334 67
305 458 65
59 52 34
168 64 26
95 452 67
475 460 37
335 310 41
443 343 9
302 464 7
488 235 53
281 109 91
218 117 52
497 411 34
240 32 80
402 176 1
108 357 5
239 453 42
281 333 85
128 172 13
500 152 89
114 262 12
469 16 60
82 119 27
169 245 61
464 450 56
99 327 86
263 478 22
45 8 4
398 327 1
329 67 91
115 237 35
276 32 97
193 152 50
395 171 13
484 1 75
399 94 24
342 360 47
48 413 12
393 247 81
229 425 28
17 290 70
248 137 44
408 55 76
6 163 70
313 252 56
105 358 43
199 229 84
189 47 2
389 337 22
486 319 87
96 68 4
316 356 76
50 20 3
223 358 82
121 20 97
245 64 8
491 86 89
82 312 95
474 306 49
447 139 66
366 220 5
440 315 65
255 30 64
292 441 62
213 462 95
382 454 40
104 102 97
478 230 85
181 16 22
439 488 96
449 175 42
456 467 95
176 449 61
407 85 72
17 179 92
326 270 78
61 168 41
332 326 38
49 242 61
428 392 19
197 279 22
150 282 70
210 435 76
370 158 40
428 424 69
45 125 81
155 48 31
32 34 88
239 280 77
181 107 97
342 486 56
142 208 67
249 110 65
375 151 58
292 74 23
118 145 88
376 482 48
269 233 80
451 351 55
324 1 31
203 491 70
304 485 23
412 421 5
338 152 37
317 325 89
198 419 5
496 276 46
437 75 48
197 427 13
322 132 29
155 302 78
290 380 91
247 215 62
80 184 92
387 159 60
42 492 24
483 385 13
160 441 36
494 403 55
397 37 11
395 354 76
256 96 83
91 256 58
201 436 14
474 363 23
126 359 31
115 443 55
7 301 50
463 33 69
488 29 7
86 46 98
135 235 82
4 427 59
356 489 18
423 302 84
340 219 19
411 231 43
419 30 6
380 365 10
25 264 27
417 188 43
496 247 40
99 28 62
148 84 47
150 78 49
406 167 65
151 298 87
341 484 70
87 68 37
158 163 94
499 254 27
66 160 100
329 415 25
117 377 22
435 47 59
84 247 72
379 375 6
156 219 53
289 19 22
3 369 32
161 275 85
229 65 91
197 96 45
496 203 58
82 44 30
414 58 70
107 132 47
261 248 50
41 111 98
33 402 13
224 39 50
465 294 40
350 255 77
227 119 61
206 221 71
290 255 36
271 468 42
320 440 65
181 426 65
22 231 5
139 280 26
127 393 71
425 415 20
311 12 67
424 332 31
281 312 38
7 315 15
337 351 59
277 158 58
61 174 24
322 65 29
433 311 36
457 135 85
84 401 24
277 333 39
89 100 6
449 447 45
255 42 34
318 81 68
270 171 75
48 142 9
284 454 99
284 217 51
471 396 33
468 428 50
144 265 19
374 369 84
360 75 22
394 489 92
290 381 21
361 148 27
465 238 22
473 430 25
424 324 59
450 76 28
133 67 4
16 483 13
98 367 95
410 321 18
48 229 16
432 430 35
418 100 11
164 122 67
146 269 92
310 356 59
474 94 100
96 260 40
82 499 66
36 98 11
423 213 73
324 460 49
28 470 20
427 376 35
292 50 42
11 69 95
236 129 31
488 99 31
97 379 67
292 369 39
135 420 44
220 206 64
36 345 62
419 131 2
275 265 50
402 390 96
171 247 74
79 206 69
225 282 95
271 122 49
420 254 55
432 361 59
185 343 21
224 28 47
85 252 40
45 75 53
293 415 3
57 208 23
201 324 96
179 245 87
241 323 30
388 46 82
101 79 12
489 116 2
246 463 90
328 430 53
369 343 8
401 459 37
438 263 85
371 72 17
112 227 35
103 189 40
326 93 48
242 123 38
4 227 53
294 65 98
234 276 98
346 493 78
323 274 96
102 94 11
376 296 90
479 13 40
397 499 81
158 273 87
353 255 82
117 426 87
86 53 50
260 346 56
198 46 79
368 315 65
178 10 45
488 484 19
313 25 16
2 18 22
420 230 95
315 221 15
491 384 21
492 173 44
307 67 46
72 190 51
440 128 30
208 331 13
105 337 78
88 302 59
364 131 30
91 14 12
472 254 36
379 359 33
188 481 41
285 264 17
140 440 76
44 221 93
40 103 11
25 336 86
69 384 20
304 246 83
259 292 9
148 370 9
402 204 7
376 170 93
151 222 74
106 217 22
36 60 85
43 383 92
252 385 89
106 218 67
9 285 60
449 298 64
448 200 84
271 50 79
124 328 72
390 422 37
387 205 94
387 379 15
275 339 96
166 373 24
388 170 29
433 183 33
266 161 24
248 73 54
445 69 59
4 319 78
449 138 96
173 203 60
205 141 59
398 154 56
197 489 65
162 84 48
106 177 29
209 421 100
98 154 85
145 66 24
404 229 11
449 490 29
42 437 80
232 455 87
433 90 36
428 418 39
94 215 1
91 470 82
294 278 26
5 54 5
349 2 92
65 484 12
99 462 40
32 181 5
69 17 7
438 356 51
424 252 23
313 94 67
319 121 63
412 28 1
256 220 5
383 303 47
403 164 27
124 462 36
281 97 19
83 191 80
117 434 11
357 289 78
146 90 35
9 254 98
285 469 44
229 126 61
231 92 31
371 6 58
244 361 4
423 6 40
156 138 23
445 476 84
261 259 31
341 360 64
163 288 69
148 192 39
468 114 8
97 96 41
64 249 46
102 176 41
129 131 89
263 270 45
65 236 28
204 378 94
258 363 3
375 46 82
369 386 29
176 478 69
306 281 5
156 433 28
437 151 96
150 251 62
184 392 88
110 107 50
310 96 45
271 301 8
95 60 57
157 281 20
160 197 59
122 294 52
468 103 58
423 373 53
400 235 85
495 284 35
148 167 56
238 410 80
146 188 39
295 25 31
194 233 96
348 206 2
45 307 80
26 102 91
276 88 32
242 321 21
213 357 33
368 412 29
139 181 90
424 317 92
2 82 23
424 187 41
279 470 52
248 294 99
421 257 71
453 200 27
403 121 11
150 100 55
222 39 24
205 96 21
261 47 54
365 264 39
160 307 12
101 500 52
371 162 72
117 137 27
339 301 89
202 107 82
27 474 4
477 187 26
54 13 80
332 378 25
397 44 87
324 255 22
444 134 97
233 191 6
137 381 34
134 377 2
303 431 100
330 255 44
378 173 66
158 320 37
273 394 33
380 171 49
56 300 70
194 120 37
234 93 41
396 91 28
142 337 26
359 491 98
208 176 99
408 296 81
210 245 57
164 307 61
426 407 38
106 44 22
218 26 6
446 410 24
153 174 71
5 442 48
297 155 59
89 390 71
464 249 47
85 415 95
455 301 44
122 315 83
165 390 55
132 201 4
182 116 50
318 280 26
8 433 9
292 20 22
6 342 12
52 407 58
194 222 50
442 273 58
471 180 85
356 483 71
376 222 52
450 498 54
463 360 20
102 387 66
106 400 35
391 253 54
171 475 13
348 244 46
289 204 81
279 63 17
106 242 84
129 195 48
410 83 28
128 66 61
366 38 43
426 85 62
442 325 19
120 491 99
149 56 61
157 117 49
60 408 65
340 466 4
54 387 20
167 41 12
51 270 83
361 151 34
132 299 56
499 156 8
297 119 5
288 45 53
282 325 94
41 461 55
276 453 32
478 34 35
171 95 16
284 317 22
440 176 45
381 299 7
191 90 27
401 68 5
366 377 92
341 442 25
40 8 60
340 104 77
498 345 58
258 175 22
67 99 86
364 500 83
28 251 69
438 197 80
388 8 53
422 205 13
461 222 65
495 227 58
237 149 96
400 227 43
475 422 32
462 24 69
461 359 53
477 392 7
135 302 38
75 31 65
432 3 50
171 227 49
461 191 69
217 221 34
498 7 61
285 331 13
381 269 71
26 112 55
146 469 24
419 395 46
234 2 61
133 160 80
440 439 47
112 437 26
340 85 76
267 374 63
302 233 24
121 295 81
311 6 10
169 325 8
462 104 44
239 106 23
383 262 6
490 249 59
21 433 88
416 188 29
333 225 14
109 483 33
96 496 1
482 188 63
253 17 40
334 101 45
76 7 52
376 247 35
36 438 95
453 106 78
49 355 100
221 400 4
270 428 8
428 230 57
221 114 82
230 89 80
139 341 65
328 82 79
42 89 7
204 449 88
162 132 25
287 85 14
492 242 56
75 292 94
121 314 82
344 65 26
335 189 99
103 445 33
202 466 29
153 424 96
142 229 69
23 428 28
92 56 37
60 172 35
405 400 67
262 384 40
358 354 36
331 183 24
251 22 61
145 137 62
454 266 64
98 81 60
310 268 10
338 297 16
13 311 21
72 170 64
312 34 2
25 80 6
356 40 13
250 157 44
262 146 79
261 177 69
407 58 49
163 304 5
37 453 61
115 34 69
422 143 29
33 327 3
334 128 77
54 42 70
263 89 10
190 183 19
148 475 92
304 197 19
340 174 79
355 310 10
66 166 88
182 18 28
492 383 19
14 417 15
106 151 64
145 150 18
385 227 69
360 6 37
168 60 94
167 335 95
235 198 1
336 30 40
110 217 64
430 268 72
219 138 41
185 202 23
199 410 44
165 171 27
226 353 9
258 424 88
222 76 96
369 254 72
389 460 71
356 179 91
455 464 5
96 329 84
17 1 46
260 165 53
288 64 48
262 182 67
144 21 80
360 424 39
290 198 76
352 361 67
487 142 97
416 398 53
332 39 88
438 16 67
432 331 59
192 214 14
217 140 91
196 212 31
21 464 28
260 278 71
436 194 56
195 14 99
47 276 4
296 166 5
158 103 99
178 391 41
215 62 96
82 199 72
296 247 84
488 44 93
211 337 2
355 130 2
197 204 100
426 245 68
293 254 44
433 24 45
488 489 55
497 41 56
465 79 8
49 378 1
206 11 57
91 149 67
44 147 35
250 196 39
378 56 71
302 425 25
447 172 4
361 206 43
325 71 70
239 392 45
324 258 25
234 367 90
184 458 54
334 251 48
19 292 72
8 161 54
150 315 73
314 98 54
251 84 22
47 297 14
275 366 47
154 106 83
224 43 81
237 278 84
433 29 43
404 279 9
208 258 19
84 288 9
65 385 100
178 16 100
73 279 78
286 212 25
348 231 64
343 352 98
208 162 48
360 113 66
409 325 28
437 187 13
158 147 23
344 132 89
434 491 97
499 366 22
326 302 19
139 295 39
17 299 17
167 60 75
484 136 35
403 337 14
312 339 79
152 397 20
227 487 46
141 426 1
45 21 35
253 74 24
195 87 94
189 137 20
423 469 18
186 344 39
270 148 86
62 11 62
144 142 30
423 244 36
53 327 57
284 296 56
413 146 98
61 413 47
336 33 51
391 16 37
368 237 38
273 43 74
251 246 38
201 303 10
395 452 32
444 249 99
306 438 51
236 462 65
142 321 19
431 296 82
449 421 70
460 386 27
129 294 44
264 133 85
314 38 74
254 423 30
5 89 83
356 289 46
83 359 15
172 388 24
30 395 41
408 392 90
295 176 74
22 419 8
338 364 100
270 252 37
322 320 98
407 237 74
428 244 99
74 301 59
66 430 84
121 473 18
93 107 33
345 302 65
444 426 96
245 254 1
37 338 87
322 273 47
389 332 6
322 457 74
80 53 60
131 271 48
195 453 61
7 1 93
37 95 73
313 101 7
398 337 40
478 185 85
161 56 80
295 17 30
50 234 17
98 333 70
91 437 31
395 300 95
307 84 30
173 224 9
98 202 61
469 224 46
123 104 18
200 21 66
466 326 15
363 57 24
387 235 99
125 163 86
232 470 88
299 122 52
144 446 79
203 247 34
77 294 14
66 474 56
396 111 44
21 389 30
335 472 14
473 479 64
237 243 36
318 339 66
187 37 18
209 433 4
397 287 64
144 106 58
359 266 12
256 32 63
396 105 78
159 443 1
65 179 58
424 292 100
32 61 19
330 46 60
101 247 98
89 159 8
404 361 16
119 58 39
24 413 56
346 414 12
143 496 51
112 104 60
375 62 16
374 44 49
238 50 26
23 247 11
344 259 28
111 412 3
215 347 59
27 23 6
261 136 13
48 41 100
259 316 71
239 42 8
394 344 71
300 377 78
81 266 46
51 105 20
104 455 38
408 341 55
41 19 32
497 346 55
153 56 27
147 479 73
214 78 71
494 2 88
7 440 79
158 175 82
216 16 77
9 140 34
487 99 46
119 279 24
186 488 30
328 387 7
404 449 62
99 413 28
151 466 79
299 424 53
354 134 84
345 309 47
392 433 24
437 372 85
173 166 3
268 11 53
67 334 44
351 395 30
480 481 84
146 214 77
40 229 100
422 442 80
462 332 26
223 21 76
107 335 56
228 330 34
340 273 96
310 57 41
478 483 14
195 483 54
43 320 69
173 311 7
104 431 61
228 31 75
43 157 11
51 470 69
34 396 60
324 153 44
194 342 99
20 133 85
259 466 37
309 348 40
10 11 57
377 277 92
23 420 14
4 362 94
117 156 88
154 323 34
305 408 32
391 99 54
102 167 63
217 51 89
282 315 3
212 311 19
458 433 24
488 486 77
462 433 42
70 141 98
175 184 56
394 429 63
163 288 68
40 327 43
444 331 16
50 97 10
478 83 1
437 305 76
366 467 40
214 453 89
47 90 59
211 205 73
366 185 42
347 416 44
319 80 85
342 245 37
480 280 92
262 335 28
223 320 61
307 387 96
52 348 77
108 310 77
437 217 56
13 308 11
417 379 27
111 7 43
216 481 14
395 84 33
32 323 8
86 315 19
108 303 55
298 386 5
485 28 24
326 251 6
73 232 48
232 433 22
38 49 1
84 177 48
160 130 37
301 160 18
296 334 11
176 426 88
323 88 59
109 380 85
201 286 61
31 272 48
400 67 99
455 73 16
449 328 23
351 170 99
349 73 7
66 422 4
413 230 61
415 428 98
152 148 39
338 131 39
215 247 63
412 154 50
293 348 100
376 206 72
78 188 34
76 300 98
143 229 95
28 247 74
458 231 84
81 472 7
101 396 89
340 69 59
342 269 65
340 353 92
380 342 78
78 248 72
358 110 5
400 90 78
173 198 54
290 356 94
197 228 91
56 112 38
241 114 13
373 39 15
388 359 51
287 115 73
359 387 80
478 223 83
404 8 31
465 142 42
93 124 31
232 54 70
118 124 19
375 280 94
445 428 52
478 170 92
229 402 86
380 34 40
252 172 35
1 192 98
168 480 1
305 463 1
60 397 63
137 346 76
340 98 65
67 376 26
162 69 93
161 322 43
458 259 2
152 247 3
24 216 96
74 204 72
267 378 8
203 426 4
262 173 51
29 460 55
53 136 82
463 153 24
26 307 93
69 67 95
73 221 35
189 350 55
148 169 64
459 268 81
333 378 16
88 375 26
355 209 65
155 411 89
58 272 66
121 219 29
78 17 86
141 490 1
359 209 76
214 78 16
312 105 44
453 173 75
7 425 52
390 169 55
493 474 75
457 462 42
50 132 40
461 59 46
230 483 16
77 379 25
186 80 66
397 3 91
347 388 96
166 195 47
83 6 73
422 94 83
279 113 72
170 426 69
484 89 12
260 321 43
173 85 87
452 18 64
207 353 69
300 120 28
499 52 37
31 105 20
138 465 67
68 386 5
375 196 63
158 487 65
252 92 20
374 249 51
425 89 88
500 317 10
445 203 47
466 219 16
138 194 66
115 151 82
433 317 57
263 239 41
22 188 38
415 109 80
358 357 84
340 120 84
89 459 56
44 279 47
122 375 63
333 111 30
50 214 54
170 350 73
46 366 6
291 140 41
238 257 18
83 396 34
408 293 59
36 481 3
446 24 72
474 34 100
465 55 60
164 402 78
182 242 38
385 390 80
275 337 38
16 403 18
467 295 90
253 83 82
90 164 45
202 353 35
270 310 76
159 75 99
484 76 28
470 489 37
435 17 94
2 125 86
474 389 98
176 87 74
316 290 32
311 176 5
317 480 59
15 459 18
316 291 39
322 97 36
22 190 59
272 18 6
76 404 19
224 174 44
498 331 88
469 315 38
346 367 49
77 147 71
254 243 40
404 338 99
209 96 29
268 355 46
472 64 21
301 154 49
488 84 39
466 410 21
196 400 71
448 67 71
335 57 77
169 31 29
216 82 20
39 7 81
388 132 3
251 176 68
391 490 6
32 174 26
98 423 71
345 457 1
167 16 72
419 314 4
302 412 17
359 437 41
186 82 57
278 373 73
338 298 61
307 265 25
63 163 32
382 227 27
123 216 74
238 83 74
428 244 43
377 102 72
414 401 42
412 171 72
192 457 50
148 358 13
422 338 16
143 151 5
158 101 64
265 395 86
469 306 4
152 53 64
34 488 33
218 247 87
153 457 51
88 115 74
259 445 17
442 393 1
456 48 88
295 349 6
168 8 86
216 468 95
279 316 50
21 259 85
216 182 25
323 129 66
130 264 39
191 143 71
252 145 35
63 181 95
71 174 3
68 487 60
162 390 70
96 409 49
366 254 22
385 224 22
334 236 43
67 406 57
26 429 35
493 12 5
366 78 55
244 234 15
398 475 81
210 318 21
461 138 3
461 250 96
149 157 63
119 316 29
102 50 75
9 239 70
104 115 46
141 297 31
350 270 65
473 398 47
417 469 65
462 202 70
466 21 62
354 77 51
456 203 11
93 159 63
446 187 82
433 113 14
64 488 74
106 446 91
115 154 29
57 318 48
178 316 28
132 416 87
41 232 10
199 37 5
306 384 37
198 353 27
451 354 63
319 22 93
32 444 30
446 209 68
466 95 39
481 388 44
459 392 97
142 491 3
64 38 77
420 42 81
314 248 81
85 321 69
112 238 42
187 318 33
190 129 31
18 351 21
401 86 30
306 122 45
451 305 9
367 288 29
195 191 86
497 352 89
301 348 60
418 167 86
202 46 30
177 270 79
293 308 91
276 324 91
412 33 37
61 104 11
488 286 74
85 385 34
396 71 11
466 200 17
388 424 77
388 86 5
12 43 66
266 346 36
258 448 99
214 101 50
423 118 56
300 138 62
434 474 36
482 248 46
31 394 53
181 333 49
205 139 85
78 310 11
156 207 47
379 134 10
133 468 98
233 170 2
33 44 81
144 74 20
457 34 9
379 210 76
159 164 81
121 382 87
9 456 25
419 219 95
214 117 41
196 311 53
340 313 3
473 11 58
441 95 45
380 198 44
177 178 25
295 199 41
493 330 43
90 357 94
17 486 20
412 47 63
359 289 79
377 164 19
427 99 70
431 89 71
426 456 76
358 354 8
386 230 23
334 495 59
195 77 20
335 364 93
226 105 89
233 240 18
453 166 82
283 350 36
410 124 85
286 494 71
86 100 43
285 403 72
191 301 72
286 80 74
125 62 90
93 59 6
59 274 13
325 17 17
242 144 42
281 104 5
152 436 59
243 19 78
148 217 81
132 48 87
87 357 68
263 404 19
83 127 92
208 481 76
31 234 82
173 183 82
350 496 4
404 255 24
215 390 22
9 451 21
81 238 49
339 43 79
64 19 59
176 391 20
269 424 59
367 122 51
185 487 48
445 220 73
7 171 47
204 449 59
302 153 58
487 203 13
402 449 3
347 201 14
416 340 71
156 452 3
298 314 38
271 303 13
115 173 86
135 46 60
377 136 46
282 182 23
100 443 100
125 254 42
447 321 22
101 38 15
41 456 45
350 280 94
27 125 14
365 481 15
219 428 27
287 472 22
268 398 97
41 299 6
374 237 51
33 485 75
306 304 10
454 9 28
338 130 32
435 70 4
108 90 30
419 464 77
345 134 6
368 21 48
327 79 82
453 240 97
392 441 29
197 404 40
424 420 71
447 422 98
457 85 44
47 415 25
422 161 16
105 60 80
104 240 14
18 348 56
315 84 77
305 485 54
450 494 20
154 353 26
21 241 10
218 338 11
174 69 15
242 448 39
90 4 64
457 153 56
174 394 54
288 326 33
161 90 21
112 87 11
210 258 80
375 450 92
449 413 17
480 312 25
23 120 4
333 396 56
431 56 78
476 210 29
112 38 16
367 330 41
64 303 36
179 469 60
82 97 77
386 212 22
160 479 82
26 394 85
382 284 63
22 442 37
171 48 50
382 495 94
319 132 77
258 285 33
186 352 3
278 443 95
315 44 41
93 332 69
500 223 9
27 450 34
226 96 74
484 56 18
360 345 5
391 434 91
263 37 90
161 315 43
247 255 7
88 367 73
157 404 92
413 365 64
407 352 79
472 231 17
400 66 46
42 396 31
439 78 82
300 428 68
34 3 41
489 200 16
136 81 2
26 434 15
431 317 49
433 281 33
194 26 56
402 124 53
30 462 72
273 500 85
449 378 71
21 496 6
34 56 26
224 285 22
21 63 13
175 462 36
114 422 61
320 434 13
490 189 84
400 422 69
326 153 59
30 204 78
430 491 60
335 291 26
350 387 89
241 478 30
149 340 50
3 375 24
371 280 71
123 376 27
315 362 100
115 374 43
4 327 23
256 283 15
218 3 68
80 487 16
160 329 11
75 418 55
216 156 66
423 165 14
373 466 37
337 121 30
331 189 41
181 433 14
107 117 28
390 402 10
147 163 64
248 63 43
292 117 3
212 6 96
96 425 51
423 351 22
290 247 84
482 272 29
438 283 35
489 431 24
429 374 94
208 269 3
324 386 75
219 361 38
279 190 12
414 148 43
445 4 13
479 451 44
260 500 32
177 270 66
150 189 62
247 346 12
139 450 61
247 436 28
279 239 28
48 69 90
318 357 25
170 373 20
466 340 54
439 264 48
341 492 27
106 118 18
257 165 31
308 79 20
360 495 19
2 498 89
21 200 36
407 52 91
90 219 33
117 149 51
237 269 27
95 448 10
165 254 79
327 81 60
292 74 84
58 446 63
416 477 61
333 474 97
337 197 11
455 181 56
452 327 31
449 401 100
31 379 6
387 243 56
182 22 68
256 500 64
425 112 32
17 215 15
291 57 18
108 320 68
109 47 92
57 198 31
433 191 99
55 62 3
414 16 11
487 193 79
242 60 67
325 464 20
147 61 82
331 24 54
32 236 5
273 301 51
355 489 38
234 384 73
163 87 17
228 61 51
107 297 54
258 130 31
157 167 97
222 116 19
36 108 69
112 11 56
255 11 79
41 204 93
57 26 17
129 276 77
157 168 13
291 458 77
266 402 57
442 144 42
471 299 23
228 90 67
250 447 88
422 84 20
300 360 96
253 479 8
430 204 45
394 450 69
290 271 90
445 73 48
122 41 99
438 169 74
43 453 19
154 24 68
462 482 3
116 392 97
498 90 90
55 367 44
276 380 51
201 2 48
65 258 27
307 374 87
380 86 29
282 486 88
322 162 3
238 384 44
207 463 27
324 197 77
110 116 23
408 50 41
180 362 61
39 455 47
468 330 70
187 367 48
149 385 43
321 14 87
195 190 17
256 407 2
274 258 81
289 42 58
238 359 67
279 443 62
351 328 89
428 299 67
332 52 45
328 295 23
469 310 94
165 283 74
454 115 24
197 172 84
346 49 32
432 89 85
126 184 92
373 253 87
307 333 27
233 335 39
251 360 100
142 453 89
143 406 52
387 114 81
294 205 60
10 19 80
93 408 74
370 182 88
112 176 49
35 199 10
275 154 45
85 13 80
349 6 89
31 425 43
80 94 83
494 285 43
214 463 91
56 419 83
349 286 41
341 228 62
430 255 16
267 146 8
335 124 31
337 379 71
127 344 46
183 487 91
454 72 55
498 487 92
142 281 61
346 351 36
410 214 44
182 45 5
91 191 66
384 17 26
161 4 81
282 405 99
460 309 97
89 448 70
138 172 61
236 214 28
406 438 70
111 257 25
212 333 10
79 498 96
175 162 76
490 482 66
74 286 56
465 323 99
273 348 7
418 11 17
307 296 31
184 322 32
169 475 15
348 235 82
13 315 37
437 286 47
447 407 99
53 312 28
101 220 19
494 320 51
144 98 27
86 368 56
476 176 85
317 426 19
198 453 8
336 260 51
103 65 19
215 439 29
113 391 49
319 353 53
82 32 22
151 320 27
474 444 28
307 317 65
259 328 10
463 412 75
429 409 35
426 213 15
482 443 63
406 329 32
27 275 78
373 141 10
127 336 40
177 29 56
52 248 32
361 352 8
397 346 84
367 398 3
245 458 77
220 25 98
16 364 90
119 11 83
176 309 20
233 126 53
390 124 7
377 333 40
94 67 42
340 105 81
363 223 16
39 237 24
302 413 47
104 429 64
283 311 72
184 313 83
306 406 93
295 294 97
34 105 55
343 77 93
470 273 71
203 186 20
321 375 99
