500 5000
40 451 46
109 282 45
22 412 34
343 17 86
258 417 54
343 314 33
55 296 53
40 377 62
208 84 30
35 393 28
362 97 77
95 108 91
147 122 54
471 13 79
310 29 47
319 182 24
472 436 57
381 100 43
330 282 38
312 241 73
106 184 98
132 202 61
494 147 23
86 34 60
486 137 66
432 83 10
99 326 98
25 217 19
189 168 85
23 220 37
153 306 97
3 176 91
117 211 99
107 27 53
370 410 78
31 455 78
379 328 71
88 422 73
498 294 56
59 466 1
430 162 83
148 109 48
35 372 36
30 498 19
334 332 63
223 292 30
481 81 57
92 21 86
345 356 59
250 326 21
168 445 97
2 107 43
249 11 3
385 431 32
392 352 15
483 120 15
53 269 30
310 312 99
118 220 54
164 400 12
482 404 9
281 428 71
157 15 88
18 117 49
54 128 41
102 421 98
348 8 36
441 425 38
387 362 20
213 24 61
215 315 51
207 88 18
268 362 46
108 135 87
40 236 51
440 234 36
459 369 47
252 146 76
258 172 64
230 161 100
411 126 36
59 122 7
322 353 24
205 59 30
71 440 100
146 374 86
230 3 28
313 196 19
204 236 82
39 231 16
107 196 49
103 421 10
343 135 49
210 124 75
79 390 93
464 203 82
384 3 4
218 288 3
318 236 33
231 259 62
456 279 56
310 98 32
338 141 2
129 415 91
426 270 73
349 2 42
13 255 59
402 92 85
115 92 51
336 41 95
369 56 97
361 232 9
211 127 87
281 122 57
129 171 83
41 71 82
463 376 84
220 343 78
397 285 88
421 335 57
302 378 34
426 83 40
469 444 42
222 348 80
92 191 6
413 233 66
402 243 1
194 190 10
46 470 41
371 38 40
279 371 50
108 287 89
62 136 88
80 330 38
426 95 41
321 388 16
25 358 78
70 9 71
124 485 67
490 164 91
468 178 77
275 159 69
331 242 82
92 466 4
458 174 72
171 237 84
382 180 30
325 122 93
459 256 11
85 293 84
178 107 31
465 233 86
401 344 13
426 284 78
377 103 42
333 315 2
62 336 25
403 17 4
123 479 65
59 491 50
330 106 9
241 468 26
236 359 96
282 199 72
397 79 39
439 349 57
283 495 99
87 49 15
333 280 4
54 303 14
354 375 45
316 321 98
432 360 60
124 24 14
178 11 12
469 278 30
8 153 7
96 212 4
23 276 54
359 162 74
160 438 57
138 322 27
222 168 39
481 477 75
31 207 87
315 47 64
434 452 72
193 361 66
250 296 34
454 346 46
23 146 66
405 447 47
36 348 53
352 219 47
384 274 1
74 179 94
374 392 54
429 267 69
338 22 18
227 232 32
235 466 60
34 366 12
324 71 90
30 425 71
135 126 25
373 242 47
213 63 21
284 203 50
247 483 56
485 64 46
288 191 44
295 292 15
295 476 18
300 351 93
188 350 85
242 14 23
145 363 37
210 34 12
23 419 55
233 26 17
24 303 72
458 423 14
429 482 61
219 312 23
249 318 81
148 346 13
363 232 70
195 310 44
1 384 51
205 208 70
479 488 86
175 459 72
303 28 15
329 70 27
435 62 14
191 327 87
237 263 34
134 369 31
310 229 39
108 457 79
346 471 66
300 323 46
410 138 97
57 460 73
109 490 21
86 75 84
242 308 58
119 158 95
458 36 50
493 28 2
459 369 34
375 345 85
27 336 49
136 488 89
465 278 91
49 420 4
73 245 97
278 403 58
378 2 96
189 11 98
71 389 5
214 237 42
458 42 46
255 253 44
181 178 18
488 390 34
244 31 3
174 270 57
439 431 22
209 274 52
53 222 30
285 60 3
336 41 85
313 500 37
375 331 71
403 448 94
460 327 80
364 452 54
31 257 51
474 160 75
414 88 81
195 96 24
478 377 21
63 134 17
50 295 67
377 141 14
382 213 63
61 121 42
410 138 78
498 364 38
42 81 56
67 219 56
416 439 53
137 52 17
225 216 44
81 104 86
353 349 91
199 186 78
466 281 11
384 65 12
189 278 23
255 126 38
172 277 86
331 26 51
6 318 54
199 10 41
344 353 14
344 15 50
328 487 12
384 429 100
44 382 30
287 500 33
111 285 95
25 353 84
173 308 12
11 296 27
183 127 59
125 136 21
239 224 97
294 489 60
299 307 100
199 143 83
129 243 95
327 261 62
354 240 82
487 325 84
420 317 53
279 116 57
166 257 33
349 143 67
118 284 81
475 143 73
454 455 40
472 259 42
444 129 46
242 77 18
236 107 100
232 416 17
277 257 82
420 63 3
341 41 80
488 295 68
497 169 36
343 402 30
300 368 78
467 248 31
415 115 36
225 341 81
442 284 46
53 207 83
122 249 96
308 58 33
169 82 67
290 3 45
51 187 42
196 14 85
249 295 13
372 323 68
42 66 30
135 189 79
163 176 83
348 288 5
213 22 60
242 443 56
463 461 44
425 169 35
47 90 7
477 130 92
330 477 24
430 261 59
48 204 13
134 470 89
439 342 59
388 17 94
256 361 81
111 492 59
266 392 44
109 459 65
179 259 28
273 357 37
256 18 82
197 473 10
356 357 67
68 164 44
476 394 22
394 251 50
301 445 43
159 220 32
84 466 6
368 5 64
241 496 42
33 452 2
108 203 60
189 369 75
43 438 37
376 122 57
352 143 54
16 54 85
447 327 83
481 168 41
171 31 68
239 221 47
399 159 77
44 52 96
78 474 86
336 30 52
328 309 46
445 105 18
153 469 56
492 91 4
378 253 71
265 131 9
266 320 18
500 453 78
198 239 93
230 3 96
302 201 47
495 359 69
400 288 41
438 362 83
111 467 38
254 439 96
467 241 56
113 27 44
55 123 64
329 62 3
367 372 37
142 143 10
189 3 48
103 18 29
476 81 85
47 21 15
102 325 35
400 167 10
146 212 4
450 124 2
213 290 85
298 2 53
158 139 37
481 240 20
106 308 87
421 210 66
6 328 100
411 339 6
444 265 21
380 53 29
270 30 26
42 118 21
300 331 15
106 447 96
263 179 5
229 88 74
55 70 97
480 441 93
198 30 24
417 227 4
329 327 58
280 333 98
421 494 64
479 71 32
65 373 57
69 191 63
310 169 7
256 329 63
13 210 93
375 378 85
31 256 3
294 384 99
313 265 72
153 115 81
218 117 43
450 62 62
68 261 93
296 404 49
454 226 8
369 353 63
192 5 67
215 36 78
106 51 58
271 214 15
425 355 62
189 331 81
30 108 38
387 75 13
300 402 36
243 382 33
450 160 55
13 428 45
93 146 86
85 304 80
131 185 14
239 6 60
33 45 81
106 212 95
423 194 21
80 152 3
432 407 69
288 494 41
202 394 86
323 428 23
323 295 3
298 444 67
205 284 96
389 477 44
358 194 66
32 310 72
198 290 15
346 275 45
78 450 54
389 392 26
252 326 28
43 159 31
483 191 75
247 465 26
49 159 23
104 350 55
3 276 6
246 264 75
460 52 28
74 355 41
228 343 89
337 198 62
495 482 34
29 306 98
348 300 34
259 314 31
188 272 38
499 493 1
198 252 99
82 229 73
87 297 6
436 469 27
120 80 35
29 294 17
474 361 88
260 71 17
83 78 71
308 188 51
237 34 95
440 426 84
33 180 46
366 198 29
309 418 48
448 129 70
483 330 9
457 56 49
289 85 66
301 500 77
120 364 63
408 88 55
312 387 31
136 337 6
361 343 33
92 454 4
239 73 24
442 19 79
3 179 18
62 175 9
33 493 22
409 442 83
177 96 43
441 344 50
201 380 74
399 15 80
394 415 79
282 479 70
120 424 62
179 306 26
428 368 44
491 104 51
57 52 39
394 64 25
447 180 38
363 265 71
247 166 20
472 179 87
83 247 100
240 189 47
210 3 80
368 115 4
465 494 26
82 185 60
389 362 64
271 462 59
6 222 76
212 94 83
2 465 91
474 390 26
45 467 46
300 493 72
137 223 41
361 350 68
163 274 96
385 145 62
56 437 15
67 406 4
100 190 40
368 311 36
113 492 3
285 116 84
151 473 57
430 283 91
274 255 22
340 403 56
165 297 31
383 148 36
94 153 16
144 109 3
304 398 47
492 441 90
169 16 95
407 118 99
219 55 93
213 429 89
238 459 11
260 362 73
343 467 9
268 449 93
349 36 85
388 459 100
496 389 85
225 27 15
101 110 12
448 286 32
430 331 66
268 419 76
313 346 82
175 233 95
457 391 87
220 374 29
336 92 51
344 194 47
188 130 18
228 243 81
180 152 24
128 257 1
68 338 20
433 34 42
193 360 8
361 312 81
408 265 19
345 177 76
327 252 44
176 210 66
123 62 46
272 68 49
369 391 43
443 151 67
65 280 86
383 452 58
284 263 35
279 494 26
306 336 79
331 491 84
314 444 98
455 252 45
76 68 68
250 257 94
140 191 84
378 205 10
339 329 65
73 419 21
345 40 46
407 144 18
276 91 96
425 357 15
493 247 8
220 77 58
200 113 10
498 150 65
402 469 5
41 364 75
14 171 84
178 472 30
209 480 45
210 393 19
304 136 57
265 180 59
239 318 36
272 157 21
79 93 98
253 479 87
408 64 10
261 106 95
89 423 16
57 236 81
19 90 72
42 101 37
224 7 42
442 477 1
68 415 91
368 132 74
276 28 7
212 285 85
25 332 8
372 286 8
334 432 34
350 80 79
452 321 66
470 279 8
368 239 74
333 326 29
326 322 36
100 230 13
46 121 82
187 276 1
145 220 32
407 112 15
492 445 59
305 227 98
45 233 50
10 449 29
170 391 81
288 79 2
445 97 62
439 101 25
302 50 49
255 225 10
317 65 56
176 318 2
50 194 86
165 440 48
362 85 42
208 271 10
153 476 96
254 327 26
303 9 39
374 324 30
217 365 89
42 427 51
14 477 50
478 77 13
248 20 52
17 205 93
161 8 52
381 469 25
125 233 31
76 264 58
297 8 43
180 145 13
447 59 59
428 118 75
357 37 7
378 393 71
358 191 42
132 116 31
41 220 93
360 208 27
61 239 4
67 451 46
197 382 29
17 383 15
338 57 84
289 315 43
247 489 11
67 189 43
481 213 95
7 67 13
396 72 38
440 290 94
500 356 66
473 8 19
280 167 74
192 182 74
281 378 70
63 100 42
153 252 51
326 53 48
262 172 2
257 380 37
279 7 22
51 231 42
235 402 34
11 445 42
214 178 75
15 7 16
187 363 7
206 227 17
309 247 90
49 286 45
500 330 90
325 432 58
370 183 3
498 82 66
422 156 75
227 393 51
394 66 47
182 338 47
72 459 65
235 154 87
1 358 18
327 84 58
414 48 31
453 30 83
399 36 62
238 437 57
405 76 56
254 199 46
156 416 49
165 276 44
352 16 61
432 23 11
312 38 60
393 245 20
482 110 48
440 376 59
24 36 44
183 25 29
45 74 65
222 126 27
328 61 77
219 362 32
242 321 55
100 493 51
477 499 95
485 198 22
78 473 1
248 67 39
48 330 5
338 161 38
103 138 21
347 65 47
402 375 44
131 334 12
232 275 88
450 214 25
426 373 48
157 296 71
349 288 85
172 290 77
94 489 43
152 342 11
464 348 34
203 121 9
14 291 2
304 118 64
417 291 78
377 376 78
208 408 91
442 255 44
362 335 34
152 411 25
305 225 94
488 109 66
184 75 88
17 83 97
14 126 38
347 471 14
373 154 100
480 31 73
31 404 80
100 465 45
261 294 72
97 108 17
422 1 92
210 262 54
357 135 79
399 238 26
300 26 45
195 366 33
24 405 53
475 294 73
100 283 33
477 276 22
223 242 11
173 188 41
447 412 94
142 61 94
143 430 11
416 62 90
83 197 79
311 131 70
311 463 42
274 48 31
394 254 48
40 273 29
35 371 60
450 306 39
400 365 22
226 71 5
68 87 34
315 387 35
340 478 51
114 478 12
34 116 91
245 220 19
140 52 71
279 265 5
254 138 37
68 397 14
330 191 13
280 352 77
496 113 36
115 84 39
354 425 55
125 56 4
169 120 23
421 342 68
420 246 78
71 37 64
386 96 32
340 121 50
383 245 11
89 324 73
313 220 64
157 89 85
397 128 22
398 230 1
278 374 32
31 309 56
372 459 75
159 78 92
232 109 31
362 390 6
291 86 81
106 86 74
19 92 21
357 391 97
139 200 30
442 169 6
304 60 1
355 262 73
222 16 65
18 133 51
173 50 41
164 438 95
164 286 11
133 288 76
71 15 55
436 316 66
388 54 63
480 418 7
47 280 1
82 16 56
35 130 15
492 67 15
151 26 19
340 144 55
205 127 97
94 451 13
205 99 3
74 166 93
358 322 53
418 136 8
479 50 34
250 122 41
281 264 26
492 215 47
301 149 84
228 488 48
91 382 53
44 479 10
181 211 36
179 438 1
3 188 29
487 249 73
299 354 31
157 266 79
408 318 98
472 3 70
143 249 28
155 400 35
480 250 9
169 357 30
259 495 19
224 96 68
333 145 67
66 435 42
27 299 30
407 303 99
223 408 83
8 92 22
30 105 61
345 75 63
416 305 28
310 248 82
185 307 29
153 1 93
78 406 82
40 26 1
106 468 12
448 319 19
57 137 88
239 1 77
256 55 66
197 71 33
316 117 52
493 432 76
180 130 69
471 349 85
268 447 28
436 422 34
478 269 99
106 25 76
162 405 81
137 286 11
189 285 64
347 318 30
331 126 91
54 278 87
472 310 94
227 69 96
134 383 60
315 301 39
352 102 86
139 44 40
445 157 58
24 250 84
448 216 37
69 74 84
198 382 90
13 115 85
463 293 52
492 438 57
97 433 79
319 253 99
398 72 4
82 251 49
191 70 92
32 418 6
50 108 32
24 179 68
31 431 34
321 155 40
14 57 9
25 458 2
446 193 69
18 232 49
450 425 17
37 34 50
444 307 66
428 126 40
250 328 28
178 362 74
69 138 18
210 50 97
233 108 86
172 389 12
287 132 7
378 159 22
422 288 51
129 482 68
402 4 50
209 306 91
174 440 78
88 337 76
95 63 31
324 144 5
290 97 54
276 159 95
99 347 65
225 152 5
136 25 32
372 116 61
307 431 6
296 126 75
278 457 63
417 457 79
334 243 84
379 23 96
61 308 89
284 393 31
160 153 84
145 144 16
424 66 87
485 282 3
307 259 56
247 32 44
265 398 58
283 335 88
190 103 73
86 460 28
63 347 45
311 197 27
108 106 94
11 183 64
316 370 73
459 17 7
158 14 25
251 388 83
29 77 23
173 28 17
123 283 55
305 273 96
226 205 100
361 285 55
191 220 59
144 330 11
49 483 80
35 392 20
200 358 38
328 456 17
193 456 19
186 399 50
166 239 55
108 408 89
121 208 61
161 346 95
329 226 10
227 248 37
115 267 58
150 189 66
85 440 55
453 434 7
244 132 5
22 433 96
91 290 63
262 43 33
432 29 89
251 142 57
227 53 18
234 19 49
173 68 32
154 447 50
263 254 92
368 493 50
268 41 34
104 312 100
396 65 55
389 134 89
253 495 90
308 109 43
205 202 45
169 194 30
17 209 40
310 140 52
434 442 74
403 456 53
271 412 97
256 255 15
32 152 41
350 345 39
80 334 5
346 294 79
482 226 100
238 13 100
371 109 84
11 56 54
343 48 51
22 353 95
48 354 36
10 222 71
442 308 55
185 405 35
269 388 14
451 352 85
257 221 32
360 151 94
346 1 18
249 150 30
488 370 28
215 490 86
418 478 5
289 250 71
135 344 95
120 90 85
371 103 93
218 484 67
24 228 87
260 221 59
7 18 81
313 486 47
353 418 47
470 378 1
194 158 65
157 286 30
39 272 74
194 309 54
370 6 36
327 368 55
496 416 9
459 308 74
175 62 57
475 295 48
101 177 95
227 202 23
240 299 8
350 17 87
372 243 44
340 107 39
410 345 86
455 471 1
3 21 7
332 42 10
401 482 38
96 55 64
221 250 32
448 497 46
189 454 48
230 160 26
427 32 74
424 233 54
324 447 75
228 329 42
341 197 19
466 182 24
117 408 23
305 487 5
479 180 52
237 185 89
459 370 33
401 327 31
49 381 59
183 355 74
81 63 69
500 390 69
286 351 44
481 351 68
72 205 20
326 194 43
134 141 39
137 383 30
490 156 45
37 399 20
315 203 44
260 202 37
65 142 72
381 22 93
363 276 11
206 300 1
468 168 20
352 273 68
27 302 59
25 146 5
300 295 93
247 310 50
394 337 82
105 246 48
455 271 63
259 485 44
212 164 32
136 261 46
302 64 8
369 262 80
110 190 92
131 233 97
48 99 3
176 423 56
123 334 92
290 212 94
445 385 13
289 231 68
483 38 71
109 28 67
122 266 33
171 188 68
58 348 92
179 262 75
48 408 79
353 234 26
27 337 18
208 107 46
161 229 32
422 45 73
126 406 22
147 158 17
182 372 49
448 358 47
161 218 86
393 297 43
240 113 24
377 398 76
231 48 75
409 227 85
63 71 94
347 303 76
144 233 24
473 61 20
217 74 4
11 397 49
127 430 75
389 381 1
368 20 86
11 156 19
154 235 100
336 22 90
1 373 92
362 124 77
469 449 68
195 115 96
424 440 9
296 356 84
227 338 58
12 305 56
206 149 22
102 141 71
423 242 74
72 234 14
268 446 51
137 188 69
38 315 87
2 32 90
239 263 31
498 245 69
20 12 27
288 358 7
131 273 99
175 62 98
357 119 26
316 185 21
142 169 54
381 488 16
205 294 91
173 330 81
121 44 38
416 448 89
397 94 98
327 124 92
220 121 16
400 36 99
155 320 100
31 458 65
102 437 73
476 309 76
328 297 72
126 250 56
475 447 8
14 391 74
291 495 44
185 481 39
95 97 60
374 108 13
95 234 89
458 449 37
76 34 11
425 36 12
272 134 89
161 34 24
252 310 19
7 157 9
146 116 45
44 209 21
76 372 88
159 158 86
44 395 21
483 423 87
57 13 26
115 483 56
338 12 10
349 198 8
496 153 28
361 264 96
421 232 99
38 276 99
123 196 100
211 265 89
340 163 34
496 278 37
245 421 68
199 145 1
27 122 74
207 488 78
499 233 84
304 392 47
223 173 57
447 6 64
307 140 41
414 172 92
104 307 82
234 274 38
443 334 77
63 391 72
478 230 93
344 1 36
153 191 2
47 423 27
1 105 41
340 488 36
18 297 22
239 259 77
300 318 39
273 268 28
260 358 28
314 171 40
282 233 95
67 270 68
479 103 76
120 138 40
152 93 44
121 285 20
239 347 26
381 218 6
57 212 55
345 302 59
472 123 43
431 500 48
473 388 46
203 248 87
457 422 18
335 155 90
133 410 63
192 305 40
84 343 42
225 254 52
466 451 45
133 459 82
75 121 16
272 60 78
190 101 87
41 487 70
20 383 59
93 446 34
321 87 60
317 499 25
408 91 23
331 438 3
168 227 43
52 317 72
50 195 8
4 392 33
401 327 20
442 22 53
446 374 73
298 135 40
275 474 73
153 483 48
466 378 50
218 250 2
363 410 83
173 37 91
203 128 50
164 279 2
288 129 42
261 297 7
461 358 31
489 183 63
239 353 15
486 318 16
399 280 8
489 435 49
149 317 78
300 350 91
478 128 63
471 153 24
323 68 74
29 282 26
484 27 8
188 409 36
192 206 29
436 443 67
37 453 80
39 287 4
429 307 65
269 110 35
308 39 94
59 156 70
389 335 59
364 273 91
409 304 34
443 58 65
208 305 62
126 286 2
143 393 59
409 388 32
434 500 62
95 166 6
380 289 84
100 55 56
315 47 100
479 350 82
400 227 87
422 408 40
121 331 99
410 137 27
270 366 98
227 231 52
129 370 4
294 79 96
371 389 64
158 299 67
191 461 44
365 211 98
41 137 40
438 451 31
215 191 90
437 341 9
272 220 61
169 174 45
57 107 94
105 28 2
375 283 10
161 120 97
95 415 31
342 246 57
192 270 17
328 265 13
3 188 20
174 188 22
439 444 72
313 426 29
413 149 19
154 57 94
284 132 26
438 123 66
290 368 99
254 242 32
8 291 30
46 223 94
441 130 43
279 64 74
224 252 55
248 215 73
452 277 47
433 317 96
353 41 13
390 400 78
212 353 28
201 306 69
79 41 49
233 252 36
51 284 50
210 490 63
72 380 19
244 428 11
487 335 13
80 278 95
399 196 81
353 241 44
252 49 30
481 479 99
221 130 20
26 209 77
267 497 88
88 93 26
215 421 63
143 91 77
290 158 45
329 35 39
201 481 57
261 278 95
402 385 75
235 92 73
85 297 24
162 278 70
207 144 30
168 94 35
407 353 53
85 450 47
380 11 88
379 227 25
130 338 63
353 429 36
337 241 64
350 377 69
287 155 23
366 346 55
138 355 89
335 246 90
447 84 39
126 229 40
312 112 31
360 463 59
126 285 3
63 123 48
431 455 84
378 49 60
439 411 61
5 267 60
189 90 18
449 356 6
438 472 60
247 165 7
57 380 56
376 476 4
37 65 55
328 166 74
277 293 1
361 194 59
72 367 54
349 340 55
49 233 99
283 378 64
26 352 58
429 499 65
103 130 6
204 250 46
54 385 56
226 253 51
264 200 69
215 50 42
325 430 31
189 317 41
364 286 17
450 297 42
464 325 35
454 147 23
44 89 47
115 436 21
101 380 37
254 132 31
472 373 35
463 381 2
423 4 44
461 473 54
259 160 32
223 186 15
461 70 61
325 335 48
353 74 16
169 82 8
23 325 37
432 436 3
106 59 80
125 20 55
153 25 83
440 79 30
159 236 31
219 92 10
84 417 100
321 74 85
46 116 6
39 89 19
190 39 13
410 309 1
184 243 69
483 462 50
150 49 42
320 125 45
426 245 41
484 150 4
75 476 90
393 321 96
36 449 14
491 220 60
91 339 29
412 11 39
397 469 51
333 19 65
20 281 64
291 453 6
47 99 33
392 299 73
232 344 73
333 447 11
353 67 50
233 293 33
208 60 41
79 11 83
367 492 59
368 323 82
312 390 51
356 72 86
56 498 4
483 497 46
448 181 15
418 143 6
390 90 63
118 495 35
312 315 52
268 284 89
425 449 13
226 378 7
156 259 56
328 368 78
373 385 48
466 248 46
380 26 55
456 70 97
366 99 5
426 126 6
147 465 57
418 252 97
325 225 37
458 239 38
174 232 87
216 270 22
95 87 1
285 357 68
342 208 51
333 500 30
200 199 30
403 413 32
456 308 51
92 294 51
139 155 50
401 398 68
18 31 31
143 373 28
20 315 98
228 373 99
33 380 45
421 143 75
30 120 55
188 342 39
86 196 16
130 199 17
329 327 95
267 119 65
259 486 75
70 55 53
257 174 38
29 103 37
435 350 20
78 253 100
408 249 12
50 440 43
89 179 72
149 221 56
70 484 83
335 109 22
156 291 93
147 26 17
486 89 7
360 454 99
329 361 80
305 101 53
107 116 69
445 32 11
472 208 91
354 396 3
131 85 44
242 403 13
47 253 67
328 185 40
68 94 32
382 339 92
225 480 83
310 449 70
267 147 38
453 79 30
19 122 64
200 321 36
278 292 3
301 428 33
228 39 89
169 102 34
479 231 7
196 433 17
361 294 51
473 392 61
221 258 38
476 398 84
209 68 19
21 126 48
318 448 42
436 483 52
280 177 2
457 488 6
4 469 50
357 342 29
60 482 10
199 446 10
234 430 32
466 251 90
215 351 45
484 175 76
301 417 15
407 397 82
290 325 4
79 440 81
118 367 89
30 169 81
363 338 38
53 349 92
149 441 90
363 133 99
7 241 58
495 222 61
260 217 7
141 319 4
296 234 57
440 420 12
378 454 73
217 202 84
198 280 62
204 433 9
442 66 57
494 352 92
338 55 78
67 400 36
193 87 22
34 325 41
161 36 92
467 480 85
378 400 22
480 267 87
138 431 8
267 372 30
377 489 13
311 167 21
331 270 46
130 418 47
103 120 100
101 223 97
6 467 74
472 140 18
413 200 97
235 295 78
123 324 31
45 192 90
90 401 49
415 388 46
246 14 24
347 197 19
268 129 81
47 120 30
410 312 41
8 149 63
341 106 32
235 179 62
186 462 29
384 328 17
279 27 16
178 175 79
364 239 22
292 386 12
159 441 48
99 149 55
379 153 85
263 110 71
170 493 90
289 23 45
380 466 54
122 495 53
81 271 12
186 334 43
249 92 39
374 385 48
486 415 96
217 352 31
239 100 51
63 489 11
91 393 82
93 285 65
340 87 38
284 134 68
5 172 78
129 256 52
275 350 56
413 421 11
451 207 71
63 224 36
423 106 54
206 113 27
383 250 83
164 433 12
14 434 74
447 380 36
402 84 4
460 450 21
471 197 24
462 372 63
312 231 63
387 449 22
185 241 9
442 434 71
317 33 32
69 403 69
220 42 82
352 404 41
394 284 48
243 381 54
418 413 67
238 60 92
54 410 1
273 277 37
482 276 5
265 11 10
37 51 44
299 4 70
175 462 87
6 409 62
108 47 59
87 221 42
35 102 23
114 182 85
302 256 19
452 412 14
161 178 81
256 247 51
253 321 14
403 179 30
39 96 92
393 466 65
491 258 12
406 165 32
378 134 7
14 348 45
32 298 17
145 91 89
301 141 7
75 216 54
391 115 37
158 291 30
3 416 55
101 52 57
7 190 80
407 177 84
417 281 22
34 19 88
365 132 96
379 71 82
104 242 72
393 312 66
365 144 72
347 167 89
486 319 21
262 466 97
51 214 96
445 195 90
460 254 22
136 466 50
144 457 38
230 421 46
413 160 63
74 347 79
194 79 96
396 467 6
21 418 40
249 366 51
91 291 29
351 253 52
377 369 10
14 316 26
242 126 36
163 459 73
142 301 35
346 247 2
402 380 89
239 423 4
223 328 91
111 135 30
9 480 100
337 324 23
295 146 90
191 183 18
369 241 15
136 44 52
473 341 33
89 287 3
252 274 30
330 77 9
432 52 5
246 13 13
430 354 52
328 486 97
489 53 52
251 59 14
139 339 68
50 405 87
65 337 81
224 154 47
415 139 8
325 44 65
340 417 57
410 171 60
499 461 58
318 10 28
344 148 20
341 191 99
439 276 64
132 341 75
278 136 43
120 261 62
226 165 43
206 359 17
53 499 47
254 332 14
430 27 70
202 478 91
261 246 5
15 496 29
89 295 27
302 225 34
35 421 18
189 69 61
171 291 56
365 243 42
292 289 96
425 423 56
395 46 5
270 80 27
255 345 82
486 440 98
131 133 96
27 8 76
496 393 89
2 49 80
121 215 13
14 376 25
322 195 56
187 435 22
331 261 25
7 297 100
256 374 22
146 105 83
58 479 44
314 10 10
54 47 49
351 177 27
418 497 80
359 102 32
273 432 97
246 471 49
5 102 91
424 247 40
29 209 42
171 278 6
477 261 74
220 37 14
100 52 67
193 362 93
97 78 96
356 351 80
15 368 40
362 465 51
446 211 48
250 207 47
249 379 7
163 231 99
275 494 41
399 80 78
375 285 77
364 405 36
73 326 12
150 420 22
321 22 27
103 239 48
366 131 71
122 268 93
363 325 75
106 77 12
214 80 58
105 36 68
12 1 84
495 84 1
240 410 54
270 59 85
137 475 92
247 61 34
67 103 21
25 214 13
43 12 87
402 366 83
153 362 48
425 155 5
255 279 1
155 204 72
224 23 68
326 184 98
333 3 12
378 415 13
331 461 72
116 422 99
367 304 38
315 139 6
265 351 57
154 479 28
192 241 82
348 382 74
443 75 40
406 488 95
67 397 51
209 437 96
38 18 66
275 106 41
468 442 22
258 238 71
449 22 95
462 392 43
452 481 17
232 198 26
415 164 2
302 494 29
406 125 44
1 84 40
423 340 80
298 239 13
174 78 62
206 66 87
382 256 19
143 125 77
458 117 63
359 233 43
11 226 69
160 122 65
312 103 28
264 291 24
348 33 45
429 209 39
468 198 90
257 172 92
155 477 31
95 194 84
248 182 35
234 134 81
269 475 62
167 155 92
77 444 71
119 273 27
280 223 54
130 422 39
337 14 59
487 445 86
206 439 38
258 98 15
258 316 86
488 231 90
495 266 45
16 55 15
365 180 80
217 311 26
77 258 38
270 294 57
308 382 10
12 32 58
364 176 53
32 398 7
306 147 62
224 242 24
286 128 90
287 60 59
138 218 17
49 150 75
396 177 93
195 74 67
17 54 88
281 430 79
483 391 36
141 118 36
460 361 85
286 423 23
454 221 98
140 98 9
156 374 78
54 213 95
74 472 54
197 359 51
482 36 55
499 480 10
109 26 18
428 139 34
63 175 35
357 37 69
147 482 29
148 500 75
129 434 17
494 317 12
83 163 51
360 105 22
176 452 39
70 393 94
197 113 70
131 257 14
284 230 53
36 370 70
178 267 57
477 221 39
6 240 15
7 373 48
465 277 57
401 292 33
306 273 32
378 347 71
109 445 8
162 191 19
183 277 43
283 320 53
466 451 30
467 68 63
257 342 34
424 145 70
329 18 41
477 83 54
314 183 39
271 234 40
408 407 25
254 397 14
439 351 66
174 116 21
403 68 91
275 171 99
53 325 77
90 34 66
106 372 39
38 43 98
444 240 22
31 323 73
243 420 53
308 88 78
353 15 84
29 308 29
331 246 16
478 452 14
476 382 29
464 18 55
423 349 92
117 137 100
241 189 64
207 300 56
489 337 83
67 423 82
262 65 59
161 240 45
81 15 45
378 434 67
124 166 81
326 70 25
495 459 84
324 97 43
204 142 16
225 36 69
305 185 71
173 156 41
417 44 15
356 305 66
467 152 35
308 136 16
38 391 16
217 11 57
326 469 97
95 63 1
17 367 59
81 165 45
239 71 67
306 409 68
30 449 58
439 74 53
71 263 73
355 123 81
157 153 65
168 23 95
64 100 84
220 452 75
375 178 7
325 317 69
265 294 24
74 121 88
317 164 32
131 430 75
411 72 29
4 19 86
375 205 34
267 105 47
157 247 96
215 324 80
452 412 77
422 428 39
459 171 35
159 4 35
497 204 58
266 135 1
131 178 27
299 348 74
351 137 50
19 363 35
400 218 29
68 210 69
284 206 35
248 382 99
168 33 89
385 428 82
283 154 29
429 13 53
119 478 47
208 226 41
453 53 77
118 445 57
378 8 95
139 283 34
133 336 83
188 58 62
386 457 33
348 309 75
230 173 73
69 223 8
477 123 5
408 30 84
25 476 98
431 429 89
21 132 24
474 161 33
72 99 89
284 461 1
129 39 40
63 314 71
168 319 61
269 215 33
329 472 93
201 1 71
346 467 33
286 385 99
286 450 92
302 318 13
40 174 37
145 429 32
93 213 2
332 333 14
127 43 18
465 477 11
498 402 42
243 371 30
359 136 31
241 297 25
52 309 60
160 480 72
231 170 3
126 214 96
177 43 33
386 496 57
423 341 3
180 136 67
99 112 33
426 459 31
158 152 49
493 139 40
123 489 33
478 443 74
307 361 26
16 20 25
7 283 2
336 436 60
253 268 81
17 464 90
157 21 46
292 426 59
125 430 81
452 204 79
22 159 8
219 225 43
100 218 6
136 481 31
15 223 99
62 5 89
461 369 46
203 322 46
63 146 82
99 367 55
317 21 91
246 69 1
80 317 67
339 466 71
499 4 26
265 173 49
365 433 76
399 191 78
493 204 1
237 218 70
212 352 80
44 58 23
173 452 70
392 434 9
444 38 76
367 147 49
349 17 88
487 362 78
479 168 71
442 378 3
105 414 51
226 154 76
234 50 12
24 247 38
23 326 99
119 19 48
230 392 88
33 379 90
404 212 63
69 416 94
93 14 25
315 27 21
428 102 100
263 229 41
495 217 90
339 214 11
453 153 68
239 293 62
445 438 8
154 459 5
371 101 48
470 386 39
350 328 46
371 260 29
422 418 41
482 500 23
394 205 94
63 287 1
112 50 17
280 92 98
402 135 2
362 262 86
98 4 19
426 468 41
419 411 66
398 67 34
271 330 85
159 126 73
164 407 95
75 363 54
7 98 78
345 202 96
252 467 1
297 78 70
224 480 67
416 40 97
273 448 17
135 310 9
480 241 27
202 296 95
227 271 99
174 289 19
402 84 39
113 336 69
253 134 82
248 45 34
7 12 48
408 119 55
500 118 2
251 99 91
352 385 54
338 416 93
434 340 96
264 327 75
181 125 76
185 337 41
242 184 14
19 414 22
132 201 83
485 60 52
143 500 25
208 88 100
164 119 26
453 314 41
203 295 10
350 432 15
111 326 44
393 484 37
357 277 47
120 431 4
164 429 92
257 486 82
133 460 82
232 233 42
29 411 97
160 32 96
420 249 78
416 203 58
321 323 12
174 97 51
7 304 51
372 484 63
204 410 91
90 288 69
356 417 37
447 112 26
309 152 77
230 166 55
200 9 7
101 495 71
441 316 26
429 141 42
251 248 51
25 57 75
359 79 56
53 420 40
121 88 90
408 21 30
261 197 71
431 427 95
342 240 49
186 417 37
270 107 81
493 244 47
261 6 84
291 224 62
141 32 47
324 71 89
19 132 12
314 333 10
279 25 98
243 411 44
159 119 84
478 190 42
118 7 35
189 169 68
182 273 62
363 390 22
390 265 33
155 303 16
279 55 14
253 123 3
164 295 28
493 63 47
269 243 23
486 252 59
22 404 56
158 202 92
65 114 19
319 113 67
108 155 51
251 471 1
126 209 69
344 101 87
389 175 45
357 122 74
246 146 98
276 442 3
237 364 71
11 138 37
73 426 56
210 145 48
226 120 66
482 81 86
121 467 72
489 405 58
101 308 48
162 411 78
211 187 74
158 71 27
415 304 2
382 236 59
343 345 55
87 338 40
175 179 84
412 65 74
187 433 32
301 141 90
155 261 39
56 471 67
85 80 34
178 183 3
299 149 32
159 7 95
279 243 29
27 51 37
338 88 90
198 398 22
286 84 34
199 142 41
413 216 67
125 481 39
201 69 43
295 293 51
297 368 59
203 423 84
393 162 33
156 377 21
258 237 14
475 339 18
14 93 55
143 161 32
77 228 53
325 121 77
366 458 13
305 252 94
397 407 75
433 67 91
191 323 78
85 1 96
307 219 1
376 272 26
385 25 2
360 348 92
123 365 53
458 106 59
462 69 70
76 329 73
278 128 87
241 295 26
441 125 85
482 214 69
63 441 71
70 291 93
168 176 60
479 333 88
234 279 71
32 493 32
227 322 98
316 257 50
204 352 89
237 487 81
100 140 100
81 373 45
418 116 86
148 382 9
369 249 95
458 275 64
184 136 88
269 78 17
411 460 50
347 156 51
153 134 38
311 378 7
27 477 16
161 295 72
140 298 8
374 115 66
492 460 37
338 351 28
211 50 62
228 286 64
142 118 17
262 397 20
481 164 25
387 135 98
356 352 65
369 320 90
20 406 66
428 120 53
193 177 57
24 134 25
296 104 99
64 72 94
341 450 53
150 67 56
3 456 71
171 370 71
324 119 73
184 323 1
292 403 6
485 429 22
421 276 57
222 157 66
338 248 77
42 479 24
368 110 68
177 307 43
62 82 43
54 385 15
254 270 59
286 71 100
99 340 73
461 192 47
47 445 55
144 167 46
8 136 93
415 410 13
159 232 23
465 177 14
273 437 32
413 167 99
253 467 78
202 448 18
2 102 69
460 264 50
417 194 38
366 144 11
206 148 66
449 112 30
423 396 32
21 82 99
192 264 44
15 336 11
422 363 36
235 321 11
104 54 71
397 450 16
376 43 81
346 249 79
41 108 100
31 150 19
181 426 84
6 49 56
52 441 60
145 5 75
435 368 25
330 451 47
331 219 76
337 184 15
499 285 8
125 366 60
494 22 48
89 134 69
375 360 61
396 316 53
433 491 73
257 27 69
244 380 24
116 438 35
483 166 11
165 300 11
160 220 35
142 214 88
248 408 30
194 334 84
490 46 82
278 382 77
74 19 38
385 366 73
496 309 60
129 213 90
255 55 84
207 437 26
489 66 27
460 173 97
200 49 53
333 187 5
231 164 57
205 397 39
377 276 53
72 343 52
361 26 96
206 379 92
54 196 46
368 277 72
389 175 26
466 476 78
279 458 85
482 273 88
29 330 76
220 374 82
106 442 22
40 360 93
277 107 13
14 185 8
140 159 18
76 150 38
363 181 50
292 454 67
380 403 16
128 442 99
118 409 80
312 330 73
7 200 75
151 38 35
187 395 1
1 319 91
26 225 37
429 126 16
27 123 36
52 187 35
434 100 57
461 14 85
190 279 99
63 373 29
277 25 73
51 304 55
380 323 91
319 477 17
125 173 57
349 391 58
417 322 91
40 111 55
465 193 42
338 296 11
258 291 100
329 435 51
299 219 26
194 286 86
35 413 72
478 435 20
471 225 2
43 113 31
400 235 97
386 403 6
439 47 91
309 459 41
411 302 82
456 39 62
85 50 46
409 367 19
349 137 18
408 155 94
360 220 83
470 366 54
499 170 24
194 11 29
87 273 63
176 29 39
365 88 38
193 127 7
396 335 7
460 404 70
80 350 38
234 400 49
255 243 20
409 355 42
376 157 20
264 5 9
303 392 88
320 407 97
488 318 89
345 372 71
375 38 57
143 324 78
320 441 70
259 274 30
409 35 93
143 450 43
324 335 15
288 384 3
87 340 8
292 412 64
336 119 56
52 330 89
429 373 14
338 181 4
499 352 54
303 329 62
109 458 27
185 439 54
438 92 31
265 165 62
498 153 50
400 318 34
130 231 3
482 162 98
82 183 12
162 295 70
395 431 67
301 198 31
38 381 84
494 189 12
358 375 95
96 364 21
431 169 54
476 405 39
69 153 97
90 44 36
319 7 12
323 454 32
297 77 34
199 438 24
422 228 12
153 382 11
331 26 67
110 469 90
288 382 40
128 433 29
208 453 15
497 404 79
120 62 3
228 310 81
39 384 39
206 359 21
205 450 51
311 130 41
358 66 41
119 44 43
264 161 48
194 348 21
163 93 9
86 286 85
78 117 21
65 456 82
392 148 18
100 133 61
65 367 69
456 432 18
33 495 57
298 17 32
463 171 96
276 180 72
198 244 95
209 260 40
477 290 71
442 303 46
396 329 83
219 55 6
443 178 30
226 58 93
397 372 40
383 493 29
27 165 27
255 347 90
227 431 57
420 238 38
362 88 17
214 395 14
245 239 100
213 133 30
103 287 21
161 232 18
183 239 89
439 437 62
263 366 99
452 380 54
338 380 45
121 26 44
253 221 31
378 389 90
352 167 37
429 312 72
441 105 3
265 51 46
473 415 48
392 487 5
264 195 51
348 262 38
249 479 70
294 40 48
211 335 49
58 4 2
239 257 51
494 32 39
175 447 30
135 268 33
136 396 92
184 383 79
405 15 68
303 402 33
236 151 100
127 437 51
4 230 32
208 230 38
361 450 7
432 115 38
163 417 51
155 491 67
121 353 94
130 247 100
489 191 67
12 172 87
470 294 88
407 294 8
81 271 71
221 4 52
139 180 11
101 373 78
365 324 95
366 267 4
407 86 36
377 407 59
83 247 98
142 483 67
287 170 86
398 117 61
400 46 95
448 70 60
446 182 28
237 256 6
326 465 90
380 418 4
96 387 46
272 305 45
404 212 96
140 382 90
178 186 76
16 53 38
48 418 60
127 482 24
273 25 1
439 124 28
201 273 11
2 298 2
456 169 90
370 255 17
247 298 18
175 102 64
47 14 50
482 76 24
203 232 92
354 422 13
468 137 16
371 157 78
446 107 99
317 259 54
224 451 38
135 106 8
212 393 28
47 193 17
7 415 36
431 102 73
278 34 99
266 353 86
234 13 20
187 387 73
330 160 70
455 328 31
368 50 91
154 306 87
132 267 46
384 117 39
61 368 36
337 484 89
169 34 71
244 468 92
398 328 6
390 372 80
237 239 7
330 208 27
401 127 68
393 149 44
8 185 95
466 78 51
490 22 84
217 443 56
213 109 100
19 231 67
237 168 64
40 314 5
463 65 55
388 115 87
90 332 82
328 471 87
225 139 54
467 401 76
139 415 33
239 166 78
53 161 2
144 483 12
19 399 78
376 147 53
392 47 20
9 237 68
250 157 85
344 12 35
232 484 54
169 29 16
259 130 86
37 171 65
316 33 48
33 347 80
154 400 64
196 434 4
154 212 15
261 446 43
258 150 40
362 255 75
379 298 88
229 130 13
60 200 76
94 369 54
390 190 80
92 497 9
185 396 20
353 46 58
263 289 86
357 146 25
93 193 57
269 15 74
340 386 47
40 181 40
380 384 48
167 58 24
54 271 37
312 415 65
1 135 26
427 105 46
186 370 77
263 3 49
281 373 99
167 55 46
310 496 96
188 129 56
364 317 14
90 33 33
240 267 85
278 73 30
59 152 60
290 223 90
23 188 58
149 151 31
338 125 64
263 375 94
86 226 91
145 104 73
103 43 50
296 160 75
59 23 50
150 369 54
60 381 61
468 66 7
288 277 2
124 320 93
301 47 70
223 311 71
210 132 6
287 371 20
497 255 50
313 148 97
83 221 65
392 417 35
269 469 42
326 358 41
288 205 11
22 458 5
24 384 52
214 14 42
391 195 51
369 101 7
260 80 6
53 387 25
45 401 2
64 188 2
48 487 38
294 386 93
294 371 59
367 277 39
456 189 22
159 324 44
489 488 85
435 473 7
299 48 15
61 305 62
421 462 15
225 321 48
384 304 8
190 59 86
341 181 87
99 331 25
460 488 62
81 454 15
34 271 47
396 283 61
455 352 64
483 349 47
361 328 8
394 142 90
197 297 75
81 27 83
67 215 75
69 270 63
69 38 93
179 235 70
292 379 59
434 299 50
196 204 69
492 209 14
242 498 68
26 168 58
495 225 15
455 352 23
153 220 74
312 483 87
425 356 78
222 387 92
272 270 66
436 421 54
72 20 74
48 219 20
477 86 78
398 281 34
400 47 23
168 130 90
160 280 88
358 234 16
477 204 19
164 312 75
26 15 39
22 185 3
129 438 51
121 78 32
132 214 23
52 245 86
260 33 56
305 480 30
4 297 12
163 374 23
341 173 72
33 231 42
105 265 27
2 144 3
412 29 62
207 85 87
100 103 17
248 150 9
481 301 98
379 204 14
335 132 18
285 375 79
375 451 11
343 287 33
356 448 28
143 199 64
337 152 75
393 10 50
418 123 80
480 126 18
37 425 53
21 350 100
55 67 93
339 378 20
19 400 16
476 293 63
309 413 2
37 481 73
282 11 48
193 219 61
67 42 55
132 69 40
121 143 27
312 91 13
243 430 1
120 468 50
379 147 8
99 91 9
290 16 41
280 212 73
341 491 84
60 420 36
369 367 79
55 93 74
224 100 65
75 236 62
123 128 11
177 89 83
448 331 88
8 238 46
234 302 12
180 241 44
228 451 60
276 149 30
449 174 75
386 186 67
447 315 18
70 495 93
171 304 81
6 192 70
293 467 23
354 226 50
453 236 19
476 382 64
155 474 90
381 80 33
117 252 80
336 18 49
69 80 35
325 243 33
469 224 22
306 71 35
385 228 89
105 68 77
293 178 50
424 367 16
370 131 37
159 165 44
394 221 46
249 16 97
289 447 17
356 365 99
158 221 45
20 157 100
7 182 27
361 354 93
157 101 80
45 361 19
34 476 30
387 246 68
174 64 100
462 93 10
154 254 36
29 475 66
351 412 11
218 380 34
278 33 7
273 49 69
313 355 39
62 97 71
332 237 14
140 36 9
390 266 7
355 348 66
40 390 98
393 218 60
55 16 58
207 495 86
427 379 35
272 81 91
247 368 25
461 394 33
303 488 28
194 381 33
308 423 31
446 2 18
166 118 49
418 452 53
184 206 28
225 179 65
199 22 80
152 21 15
184 153 56
237 53 99
314 359 13
417 453 81
92 3 52
49 366 90
87 204 12
211 276 24
367 106 67
159 173 40
231 279 34
112 490 89
280 410 25
222 261 30
273 35 51
82 441 24
124 209 20
333 225 84
237 152 88
19 441 95
28 465 36
86 222 91
117 72 81
286 197 27
360 494 33
370 446 30
66 376 82
40 134 85
128 387 2
422 89 47
245 77 33
244 84 80
386 225 51
166 244 77
472 69 56
373 498 43
112 351 55
244 193 84
209 115 50
431 179 45
43 386 99
52 383 85
431 178 66
20 169 51
448 299 27
273 103 65
220 252 21
483 16 82
445 203 64
138 195 32
293 322 32
345 397 20
218 127 43
69 32 32
289 498 1
5 269 22
39 143 96
12 265 36
370 77 5
422 72 98
108 432 65
303 2 40
400 341 46
399 42 42
221 168 85
341 169 1
443 102 6
295 274 65
427 157 86
21 320 84
37 217 86
140 363 70
364 160 47
180 282 15
169 61 100
16 8 52
10 373 16
3 263 17
146 71 96
345 296 88
386 201 7
245 82 12
90 339 33
80 360 15
217 74 49
141 8 86
391 203 5
44 223 4
52 261 47
488 115 19
9 121 27
123 176 10
136 411 60
336 154 4
404 418 85
76 399 5
236 82 56
396 392 55
362 470 49
395 150 25
57 441 32
447 147 89
164 165 65
311 446 48
326 380 55
87 332 65
317 136 79
454 376 44
479 4 66
485 452 15
75 391 18
430 171 16
356 65 5
352 335 30
296 121 16
301 248 22
171 88 5
230 206 56
427 487 59
130 162 41
74 313 36
96 118 42
40 185 63
175 165 73
137 69 95
10 136 14
222 490 3
145 443 39
37 64 89
148 123 13
460 195 73
357 360 39
385 348 36
298 185 32
169 314 90
425 342 52
104 247 9
326 78 49
79 333 41
318 247 52
22 72 97
21 392 74
71 36 65
25 149 97
285 172 81
456 101 29
229 23 39
154 234 54
476 444 46
38 370 71
173 460 31
203 432 85
92 30 33
307 158 34
162 155 73
167 422 21
35 296 83
321 198 28
251 33 96
147 180 5
453 388 78
157 120 59
15 121 87
491 194 11
174 300 84
145 117 3
202 492 1
436 277 96
156 450 3
161 339 69
172 160 7
137 405 79
489 335 14
54 435 17
33 478 11
199 312 25
289 234 62
490 114 79
90 3 63
372 248 12
32 435 45
415 319 88
179 272 21
369 93 50
469 318 59
228 480 96
355 238 86
99 65 21
408 184 98
98 43 20
424 232 60
34 154 80
167 299 56
95 72 43
121 95 65
340 250 59
423 36 4
423 296 74
9 419 59
277 157 18
20 78 18
48 466 44
466 59 43
250 449 48
81 489 23
486 207 3
231 360 2
374 387 14
385 257 17
260 338 21
434 350 73
146 128 99
58 473 89
64 366 25
131 222 58
96 344 26
156 45 97
309 416 64
116 63 44
212 32 76
472 98 18
130 121 66
256 440 33
240 369 12
428 259 9
341 483 99
14 131 43
171 287 69
381 343 25
375 190 1
465 338 25
421 290 95
240 56 59
290 296 80
481 445 40
131 325 82
301 456 79
445 29 13
24 451 28
68 183 62
79 334 65
494 481 29
140 253 85
87 21 40
57 372 49
122 87 66
68 285 89
495 280 77
485 103 92
454 227 35
104 37 23
436 172 57
225 39 90
354 427 6
328 20 11
237 287 87
439 302 51
144 47 65
222 346 26
43 330 1
442 183 49
354 3 62
195 15 34
136 399 6
170 444 79
65 117 31
354 342 51
419 16 74
313 6 55
273 243 72
365 350 98
1 130 22
264 369 10
297 23 86
282 178 20
177 152 3
468 189 3
48 428 68
241 290 77
389 118 63
229 167 90
397 242 44
134 406 7
496 86 9
249 457 72
351 147 45
468 290 27
35 363 34
347 130 61
23 421 68
291 286 92
80 491 22
209 195 65
316 207 10
52 483 41
399 494 96
395 374 39
426 331 51
14 241 86
430 319 69
364 493 55
468 312 83
478 299 34
335 372 75
430 435 86
231 339 52
27 26 28
416 239 31
411 475 23
121 492 11
385 200 51
138 273 42
452 49 42
354 217 13
3 64 30
469 433 73
430 153 100
106 459 56
304 283 98
435 2 9
104 52 23
466 294 5
217 190 53
248 257 93
195 1 54
394 20 94
259 321 83
305 119 28
348 150 80
320 167 55
494 347 18
115 480 97
106 96 37
371 477 22
165 348 46
83 336 79
233 483 78
197 250 84
332 492 57
271 403 85
221 174 59
208 447 6
169 395 30
422 99 64
45 147 15
387 260 82
246 93 36
230 301 100
331 383 57
270 452 87
57 316 2
134 87 41
25 485 79
241 381 34
213 291 51
227 441 86
333 242 21
219 65 4
210 284 61
238 307 92
479 61 62
139 451 16
234 495 4
195 271 82
217 332 12
489 440 63
11 454 65
200 181 3
293 167 70
173 332 54
327 54 94
346 268 70
391 362 42
429 198 75
233 173 23
358 499 14
145 335 84
452 110 52
460 47 15
56 464 5
111 28 40
468 336 58
144 50 63
264 247 94
4 218 45
446 219 68
354 402 26
215 63 21
465 259 39
425 51 18
349 433 41
322 97 40
144 321 73
425 228 86
382 170 68
388 320 23
302 355 12
249 106 65
194 413 89
137 497 22
284 301 88
236 406 7
86 429 61
496 170 71
384 407 85
300 273 73
276 73 9
199 374 36
407 440 8
2 52 53
58 147 66
213 385 95
319 22 68
264 227 69
169 154 7
163 437 63
29 160 59
143 359 93
251 114 54
118 28 40
308 283 27
190 347 77
23 203 15
212 361 64
414 380 29
138 278 45
38 235 11
367 467 90
158 464 76
386 393 74
181 423 18
464 218 78
455 414 15
484 169 33
497 277 48
335 434 69
64 239 92
377 482 5
258 205 50
441 395 17
461 204 1
228 57 85
55 24 81
117 282 19
385 428 66
492 476 3
186 224 77
37 489 27
13 267 44
378 259 29
151 205 9
371 116 97
39 439 72
217 477 1
430 87 63
5 307 3
433 67 37
372 80 18
443 464 60
187 276 47
409 311 37
137 161 84
238 45 18
390 315 33
313 430 58
476 287 4
30 462 68
486 382 88
106 9 97
32 266 82
462 165 20
281 95 89
86 118 83
214 199 40
339 7 98
190 261 16
440 270 33
305 112 52
415 264 29
381 399 56
99 50 47
15 140 37
327 58 58
133 333 93
39 357 7
429 125 46
33 238 4
133 439 23
198 292 100
182 106 66
64 404 80
288 386 94
29 251 95
319 392 60
481 304 12
282 220 86
313 226 68
114 268 31
54 220 60
376 248 59
217 359 14
59 197 27
463 381 14
383 124 28
125 260 31
367 268 88
381 442 72
398 127 58
98 436 93
187 195 92
336 385 22
125 156 83
92 176 1
252 438 73
147 481 44
134 22 39
309 74 46
45 231 16
293 448 51
69 22 58
98 149 94
412 144 75
393 55 96
42 46 5
496 181 36
463 78 26
290 272 75
209 282 59
367 416 63
108 238 65
216 362 48
78 258 49
225 455 24
172 313 13
220 266 67
464 165 31
298 190 65
494 443 50
325 62 11
170 176 1
204 387 41
144 474 96
396 31 30
266 15 65
149 118 87
83 223 43
69 94 97
226 455 64
487 13 87
465 383 31
210 412 43
355 171 9
481 466 85
56 394 15
208 188 3
283 165 79
32 235 19
66 425 46
378 221 36
260 427 17
99 9 46
335 491 84
330 408 99
283 256 58
114 329 31
377 253 56
116 220 96
433 309 81
14 274 92
326 473 64
369 229 90
495 244 20
188 289 25
428 415 11
250 297 14
304 140 8
286 456 78
63 230 43
69 247 12
428 164 19
391 129 24
460 91 86
408 223 40
277 325 40
481 6 2
383 440 86
364 15 24
48 78 75
153 214 19
27 330 78
158 283 95
137 280 82
415 251 52
156 341 87
132 110 66
357 3 44
142 473 49
341 233 10
330 315 49
57 125 21
303 495 53
46 143 10
367 458 56
424 214 99
100 307 2
289 463 19
260 270 11
237 119 72
111 339 76
405 424 97
97 453 57
496 175 16
40 325 86
215 285 59
57 329 18
197 143 50
280 216 95
448 215 10
11 243 55
36 119 36
147 479 13
251 445 63
308 86 77
49 233 46
401 311 97
171 294 77
170 80 83
95 146 92
96 439 93
302 155 77
439 191 60
486 41 61
209 160 14
333 256 57
373 84 6
449 185 3
375 347 36
414 43 1
224 45 57
498 34 60
179 70 90
245 44 4
265 16 97
466 295 75
463 230 80
373 27 60
147 189 71
391 169 91
49 80 59
321 26 65
209 42 9
104 289 94
461 302 46
22 19 54
388 454 68
454 135 53
168 436 53
271 202 86
268 479 84
199 445 10
72 308 13
273 131 90
434 214 78
499 318 51
344 417 25
40 104 4
216 158 18
226 361 54
137 465 81
60 158 11
258 301 34
55 274 15
468 247 78
91 118 74
430 26 18
95 397 15
443 251 51
242 497 45
427 232 91
144 488 54
31 221 50
184 62 86
214 72 75
82 280 56
223 323 3
149 465 10
474 368 77
255 60 29
233 332 11
21 249 1
470 469 76
309 3 1
152 367 70
318 171 28
490 278 78
60 379 19
92 305 58
112 190 32
78 19 31
81 495 31
484 34 24
48 417 68
423 449 13
275 104 66
485 29 78
395 82 46
474 485 51
484 206 30
466 258 60
483 88 50
112 412 11
253 181 76
377 496 74
447 26 100
382 274 86
379 396 89
109 370 88
25 121 42
446 457 98
498 234 80
332 19 69
312 246 48
224 179 40
220 487 84
405 435 96
88 49 26
489 299 38
59 356 71
220 208 31
310 342 91
278 493 91
252 179 82
462 105 62
183 98 34
113 494 77
30 144 56
106 79 88
411 466 3
149 214 65
479 244 48
418 50 4
474 275 59
15 47 60
141 99 3
311 215 35
13 143 96
241 335 38
263 414 45
264 366 86
449 179 49
295 360 3
311 281 56
28 473 98
280 365 42
311 273 45
79 31 4
40 7 53
227 118 31
52 416 76
98 392 76
118 386 36
478 337 15
155 374 88
442 409 56
240 404 28
245 66 1
104 119 82
472 398 56
358 126 95
305 233 99
76 314 65
424 412 38
105 145 4
132 11 96
198 42 87
432 238 91
446 29 91
342 51 44
206 219 80
67 64 99
326 54 6
336 441 81
195 117 19
406 152 40
251 405 43
349 201 42
301 211 53
251 206 80
177 234 24
145 331 98
466 145 4
415 296 40
106 273 55
363 418 24
99 298 18
254 318 30
69 54 41
128 280 40
209 334 57
429 78 82
367 351 12
473 143 64
23 271 97
113 334 5
31 173 35
52 96 35
149 24 77
389 461 77
195 393 6
437 322 21
466 325 4
268 348 83
430 118 44
338 340 26
264 168 3
207 179 7
403 131 62
4 362 58
416 315 61
424 70 10
478 65 73
242 219 77
435 474 77
288 156 91
328 109 86
471 151 69
336 74 37
319 291 9
125 423 67
170 15 4
287 494 26
77 435 2
116 310 40
498 164 33
304 464 47
303 444 84
130 32 26
320 441 97
30 205 20
454 469 62
227 120 39
110 255 32
500 492 83
22 360 65
189 437 38
45 250 72
7 39 83
48 292 39
77 328 58
82 182 38
87 313 79
147 374 12
488 287 44
41 469 32
103 332 75
241 132 38
75 48 28
187 6 57
228 323 37
220 402 10
182 247 52
19 385 76
361 29 4
376 399 21
435 119 75
286 447 45
135 170 4
449 48 82
259 59 37
283 185 12
82 451 69
421 133 38
1 360 72
136 295 92
299 100 21
325 162 59
108 143 84
96 270 33
87 164 87
288 400 80
136 383 84
477 127 97
63 435 92
298 479 11
175 15 69
451 276 8
271 166 98
365 93 39
62 403 94
136 239 40
464 162 91
303 475 90
418 262 95
248 243 96
260 500 73
365 338 21
333 204 8
188 144 82
18 284 7
247 401 68
380 80 61
365 78 32
461 143 61
303 228 96
316 146 37
211 72 38
196 229 51
390 389 47
317 381 21
488 428 83
292 252 92
373 221 15
261 490 36
100 115 76
31 58 14
96 473 59
391 259 69
432 414 22
480 109 3
118 84 56
451 463 2
402 368 33
173 424 78
332 78 62
119 492 71
406 200 99
336 100 58
21 314 50
249 410 43
175 60 8
231 183 45
24 191 10
439 430 35
295 225 85
66 237 12
346 124 73
54 214 4
282 230 69
348 397 33
242 327 54
466 159 59
204 463 99
258 197 44
8 284 73
276 105 50
270 10 23
477 80 18
227 252 24
19 254 76
65 66 28
403 455 73
3 459 24
31 400 70
4 53 92
452 399 52
158 372 76
380 3 69
284 373 97
319 322 81
247 70 53
176 382 62
250 139 37
288 406 21
478 44 32
132 445 83
146 102 40
54 481 59
359 194 47
216 40 28
295 484 60
74 390 20
158 18 52
155 274 65
163 493 64
307 103 47
160 380 68
377 129 64
157 197 12
145 435 64
335 500 76
352 158 81
16 301 6
481 455 27
461 81 50
11 33 29
32 161 13
474 467 76
197 304 5
33 156 98
480 468 90
256 206 86
102 276 22
190 298 7
499 472 61
100 302 24
187 296 96
119 302 53
381 332 82
150 292 31
234 325 37
339 482 33
2 224 86
443 161 85
369 359 27
60 45 6
477 194 60
419 298 97
282 193 82
28 308 75
186 199 29
26 427 76
170 178 12
445 168 31
53 312 50
441 216 12
215 146 82
202 291 41
322 231 72
360 173 40
396 237 48
262 403 65
73 22 24
80 227 49
144 47 21
312 249 52
4 247 45
210 241 70
452 194 83
146 398 47
303 129 97
373 109 17
199 493 86
196 406 99
191 426 58
496 274 76
215 103 10
278 436 56
296 104 73
302 13 85
17 264 11
431 271 11
80 210 43
8 254 45
100 430 30
21 98 66
72 456 96
209 459 21
231 464 85
186 394 9
145 79 49
190 25 84
345 82 88
305 333 52
13 297 17
167 448 56
297 318 18
426 493 21
441 141 50
467 495 30
476 172 55
133 247 7
229 418 58
96 349 6
413 27 4
339 455 86
1 489 31
450 32 27
41 358 72
480 105 68
379 413 68
122 155 61
370 373 100
213 477 65
60 478 26
229 20 23
83 408 8
413 124 93
185 401 6
161 394 30
173 375 8
59 79 98
204 453 61
111 379 70
375 257 42
248 45 15
116 374 40
432 55 75
310 108 66
256 420 20
258 374 82
100 415 53
335 461 83
457 10 18
226 410 45
34 237 91
342 48 48
59 448 50
317 207 84
92 321 83
288 116 39
382 499 13
40 457 64
67 499 48
378 375 25
141 258 85
228 178 29
88 183 14
95 307 21
333 49 41
39 338 41
92 78 13
313 343 84
449 143 90
19 166 58
202 141 85
346 257 15
389 111 84
114 426 46
325 135 61
339 263 92
415 334 93
273 391 97
316 339 22
464 132 10
167 476 50
408 324 81
301 111 27
168 266 99
172 23 8
104 394 77
412 293 75
12 97 55
394 334 67
275 461 87
200 293 17
338 432 51
108 86 53
275 193 52
331 97 41
237 76 17
221 417 16
222 403 75
320 75 81
9 14 32
130 214 80
297 187 21
464 103 18
328 378 7
446 147 99
143 23 25
139 320 96
87 420 56
459 236 6
123 460 16
148 9 92
489 497 10
462 418 39
8 170 79
236 382 40
428 109 9
214 94 80
102 264 33
463 214 18
345 35 9
377 371 96
459 371 98
193 1 2
196 435 28
155 52 56
301 168 39
392 244 13
296 281 71
100 136 51
122 398 41
62 65 36
422 129 49
399 395 67
499 242 26
325 367 62
485 112 77
296 319 24
362 31 99
121 295 45
219 443 74
324 188 60
411 395 26
485 437 80
419 12 92
176 454 59
46 50 92
353 233 68
347 328 88
119 277 31
171 212 30
163 300 98
199 290 50
482 283 19
294 27 56
274 338 7
35 42 56
284 342 86
142 184 37
440 16 9
28 333 74
352 413 26
152 223 88
226 22 92
95 182 10
74 152 70
311 299 61
102 149 12
195 381 77
307 342 30
40 49 100
33 291 70
31 321 45
265 362 2
290 430 71
158 225 40
361 283 8
323 294 25
216 303 74
4 321 29
375 73 26
383 262 85
234 246 36
88 100 83
56 24 97
111 418 53
278 114 7
317 64 91
194 430 12
442 242 58
320 440 64
194 6 11
303 307 21
325 369 11
266 222 92
134 185 22
396 390 22
244 460 47
189 207 67
311 34 27
144 375 21
140 261 11
453 476 28
200 346 73
118 9 19
330 135 62
246 341 20
241 84 39
370 146 24
271 123 61
238 393 7
361 140 65
381 34 85
9 331 6
110 335 92
327 170 71
150 411 73
205 195 30
52 185 41
303 235 9
448 64 23
159 90 36
447 127 57
442 281 49
347 428 6
279 172 63
29 362 60
159 130 5
448 33 16
443 381 7
110 67 5
285 76 23
414 35 15
398 45 30
159 175 100
427 265 100
226 231 67
71 432 68
397 361 96
212 91 97
37 92 98
171 92 13
95 267 85
154 16 95
27 91 84
497 340 36
384 492 91
248 499 29
486 81 6
224 304 50
103 290 22
283 73 77
305 84 14
78 91 18
250 69 22
346 45 94
196 303 4
489 455 84
421 177 47
460 46 75
396 203 94
12 262 53
320 111 16
140 118 34
482 68 95
427 80 62
313 239 70
266 128 54
413 171 87
182 71 83
488 157 62
288 391 73
192 464 100
387 41 81
77 63 33
90 259 55
132 257 95
494 217 69
88 242 47
449 178 28
385 291 6
432 265 43
13 184 68
409 52 17
410 419 62
366 186 34
263 259 47
389 8 27
423 352 84
488 395 74
130 403 69
350 313 70
334 9 20
215 13 76
425 45 69
51 53 65
384 115 75
58 361 71
257 292 70
226 250 19
16 130 23
384 74 80
462 138 87
427 457 14
290 321 34
160 137 73
147 250 12
172 306 61
7 220 61
209 251 8
43 194 5
132 393 100
236 348 76
306 133 14
400 309 99
250 366 91
449 214 97
109 492 1
97 316 52
61 373 78
369 312 44
172 279 26
159 40 52
340 300 16
441 272 16
268 40 15
19 322 14
47 243 12
176 52 100
339 146 58
391 404 86
126 272 6
464 183 90
40 265 67
99 435 36
318 495 65
99 123 21
468 198 9
479 302 9
85 93 6
212 355 8
307 409 22
125 104 37
481 38 50
30 199 42
242 260 17
191 379 32
121 462 76
389 38 56
181 139 71
233 301 70
488 450 40
238 101 74
454 398 20
412 197 48
331 374 86
325 59 48
63 49 32
213 111 42
387 260 12
483 323 95
8 427 84
464 260 95
100 139 60
429 488 52
159 67 66
300 457 67
129 19 84
493 392 87
486 46 88
282 265 71
17 278 1
176 407 76
37 381 24
366 337 35
228 80 67
319 129 48
154 223 61
92 480 22
114 340 8
12 279 13
67 459 82
390 134 46
30 375 38
256 93 2
233 440 92
60 247 49
55 460 44
317 59 38
123 118 89
187 155 11
26 283 21
379 279 80
113 272 3
464 266 41
85 105 22
365 241 100
346 320 56
364 50 81
343 123 53
134 489 69
380 168 34
227 240 89
108 447 85
141 67 97
132 361 51
406 381 42
289 201 2
37 433 17
57 59 43
348 46 20
101 74 15
156 391 97
197 360 36
75 35 8
196 99 85
5 104 80
156 316 99
3 225 33
347 423 27
191 130 86
9 382 9
444 488 1
467 316 18
161 231 2
32 184 68
130 436 95
102 70 86
369 29 94
216 52 57
51 454 35
421 217 67
286 364 98
141 480 80
33 89 81
444 129 80
192 372 68
205 336 69
331 56 9
421 134 57
38 169 29
169 482 27
71 98 62
315 300 23
209 1 16
156 43 83
310 395 64
302 323 49
243 433 100
392 333 51
416 399 61
425 337 36
123 114 33
194 41 39
314 261 81
145 462 81
7 280 4
229 7 32
415 231 90
17 150 46
362 154 35
450 193 11
223 488 66
458 422 50
46 118 16
244 255 2
387 36 58
415 220 70
293 316 35
38 251 40
457 421 65
375 377 13
9 91 86
130 18 73
287 132 58
315 207 61
163 122 37
182 118 80
236 303 1
82 183 50
158 58 30
234 465 96
253 259 96
275 390 7
301 46 22
160 115 78
449 363 97
339 98 6
243 279 55
22 190 78
304 26 53
20 423 97
330 251 57
252 410 10
268 296 41
79 374 69
286 227 8
333 111 37
477 260 52
10 216 76
186 434 61
347 300 84
101 371 69
133 160 36
292 45 3
276 101 25
162 36 6
33 229 62
340 487 87
439 206 63
309 177 90
176 272 73
330 213 73
97 414 88
421 111 99
362 202 78
276 151 52
33 67 68
156 402 8
386 110 7
330 407 100
118 487 81
397 68 80
108 374 38
249 6 2
288 374 90
226 72 2
177 70 10
43 428 37
344 312 2
27 49 82
343 216 26
137 423 72
115 433 5
6 342 29
10 280 73
153 111 59
306 332 49
427 482 72
174 333 54
450 118 41
457 102 37
10 155 94
85 354 98
408 55 51
165 453 29
169 476 48
118 357 19
492 337 85
468 90 45
145 51 33
448 467 14
143 428 78
273 3 97
469 252 56
75 329 78
211 343 73
6 60 28
252 276 21
262 485 77
160 217 46
467 355 77
433 349 97
499 38 39
494 339 77
224 473 85
371 336 55
44 185 88
181 90 7
275 68 18
280 435 16
221 52 17
359 382 75
337 382 12
51 442 59
400 209 97
468 456 21
54 291 64
89 487 18
169 343 39
91 340 38
345 327 85
26 365 14
280 305 2
212 437 36
153 228 54
22 248 13
83 381 57
69 93 2
120 100 41
453 217 86
229 290 75
405 235 81
221 404 31
189 61 1
486 49 63
290 171 77
321 427 91
236 156 57
92 248 47
250 441 62
423 29 91
349 120 19
446 280 26
301 350 18
82 258 74
468 333 86
217 7 76
351 48 15
84 64 9
426 311 13
202 374 27
52 100 3
319 156 11
243 188 4
172 138 55
196 381 76
149 146 11
480 278 45
421 400 6
36 466 33
157 325 43
191 77 20
116 362 51
65 185 66
410 187 37
86 372 23
481 187 5
390 206 63
150 198 72
169 130 34
75 128 83
93 134 65
222 86 53
481 78 24
72 429 26
475 149 45
314 302 78
343 249 18
149 458 34
445 401 61
57 305 40
497 435 17
417 283 7
156 390 78
346 324 59
305 356 62
437 305 34
292 170 10
134 490 14
142 65 51
35 336 41
218 62 85
90 155 43
494 246 99
446 57 79
226 145 31
140 262 41
452 430 48
222 167 79
436 186 86
286 398 80
211 376 34
442 37 14
80 311 92
44 60 18
325 157 24
243 16 13
213 60 60
251 46 24
490 189 72
281 486 75
26 434 28
337 465 64
286 200 49
256 469 36
76 421 12
406 360 45
332 80 65
185 331 20
489 169 5
104 49 69
166 459 89
203 176 64
474 411 78
244 323 27
130 463 28
258 426 54
183 160 99
133 424 76
386 458 6
230 473 82
155 99 58
359 225 55
24 472 3
118 8 97
412 121 79
